0.pcd -0.000456042 -6.91458e-05 -0.00104739 1 -0.000303533 5.96888e-05 6.22073e-05
1.pcd 0.507796 -0.00238617 -0.022503 0.999981 -0.00213775 0.00266247 -0.0051032
2.pcd 1.01242 -0.0083311 -0.043688 0.999991 -0.00182604 0.00201107 -0.00321673
3.pcd 1.52635 -0.00976041 -0.0651205 1 -0.000619245 0.000447958 -0.000110746
4.pcd 2.03732 0.00551637 -0.0835115 0.999936 -0.0016028 0.000405513 0.011166
5.pcd 2.55585 -0.0118472 -0.104587 0.999913 -0.00399625 6.05087e-05 -0.0125324
6.pcd 3.06974 -0.0270463 -0.129531 0.999878 -0.00456689 0.00185582 -0.0148006
7.pcd 3.57714 -0.0349183 -0.155869 0.999944 -0.00519451 0.00534144 -0.00754039
8.pcd 4.09387 -0.0622616 -0.178751 0.99966 -0.00513314 0.00376054 -0.0252893
9.pcd 4.60439 -0.115477 -0.201959 0.999003 -0.00248845 0.000220947 -0.044564
10.pcd 5.11451 -0.169356 -0.218859 0.9988 -0.00315054 -0.0029877 -0.0487909
11.pcd 5.62456 -0.202438 -0.23977 0.999598 -0.000632798 0.000509707 -0.0283404
12.pcd 6.13314 -0.163008 -0.259971 0.999669 -0.000786679 0.00195978 0.0256293
13.pcd 6.65585 -0.118277 -0.281567 0.999419 0.00213504 -0.00152652 0.0339843
14.pcd 7.1736 -0.115935 -0.300679 0.999945 0.00195152 -0.00327374 0.00977452
15.pcd 7.69643 -0.116723 -0.318697 0.999984 0.00142266 -0.00276752 0.00474758
16.pcd 8.21287 -0.0736402 -0.335599 0.999185 0.00465828 -0.00462683 0.0398216
17.pcd 8.72763 0.0203066 -0.35353 0.996759 0.0069836 -0.00411704 0.0800303
18.pcd 9.23258 0.138057 -0.369285 0.993914 0.00539562 -0.00213271 0.110004
19.pcd 9.75724 0.262185 -0.385543 0.993815 0.00488877 -0.00407633 0.110868
20.pcd 10.2547 0.343339 -0.40442 0.996259 0.004495 -0.00225915 0.0862756
21.pcd 10.7663 0.422186 -0.421149 0.996653 0.00144356 -0.00400759 0.0816339
22.pcd 11.2705 0.525398 -0.433256 0.994292 0.013219 -0.0147169 0.104839
23.pcd 11.759 0.720696 -0.430691 0.985367 0.0168551 -0.0192793 0.168509
24.pcd 12.2368 0.941508 -0.433474 0.978875 0.0154783 -0.014843 0.203334
25.pcd 12.6908 1.16532 -0.440846 0.973644 0.0149274 -0.0132801 0.227197
26.pcd 13.1791 1.37782 -0.44506 0.979046 0.0177726 -0.0150924 0.202302
27.pcd 13.6586 1.56194 -0.450892 0.981963 0.0159961 -0.0141689 0.187863
28.pcd 14.1109 1.775 -0.456018 0.97742 0.0125402 -0.0141425 0.210457
29.pcd 14.5464 2.03506 -0.467448 0.967865 0.0130582 -0.00776572 0.251009
30.pcd 14.9798 2.33663 -0.469483 0.956128 0.0143559 -0.0108518 0.292395
31.pcd 15.3846 2.66478 -0.474692 0.945982 0.0144666 -0.0127116 0.323648
32.pcd 15.7865 2.97682 -0.479719 0.945675 0.0152592 -0.0115411 0.324549
33.pcd 16.1884 3.28017 -0.484557 0.946531 0.0168313 -0.00975185 0.322026
34.pcd 16.5871 3.59698 -0.491952 0.943639 0.0185606 -0.00999211 0.330304
35.pcd 16.9253 3.97689 -0.492863 0.916684 0.0208723 -0.0122586 0.39888
36.pcd 17.2002 4.40823 -0.493782 0.884299 0.0218516 -0.00991703 0.466304
37.pcd 17.4345 4.85721 -0.49647 0.859292 0.0236573 -0.0058516 0.510905
38.pcd 17.5509 5.35743 -0.496192 0.799282 0.027234 -0.00679219 0.6003
39.pcd 17.5189 5.84337 -0.491553 0.708483 0.0311489 -0.00259141 0.705035
40.pcd 17.3719 6.26668 -0.482523 0.609502 0.0350245 0.00019471 0.79201
41.pcd 17.141 6.54993 -0.473816 0.495915 0.0372244 0.00366806 0.867565
42.pcd 16.758 6.88779 -0.460209 0.401152 0.0346249 -0.0022425 0.915354
43.pcd 16.3569 7.2548 -0.447065 0.351896 0.0358659 0.000183426 0.935352
44.pcd 15.9945 7.62066 -0.433708 0.39442 0.0336535 -0.00582401 0.918295
45.pcd 15.7251 8.04324 -0.422189 0.46576 0.0307189 -0.00724051 0.884348
46.pcd 15.6186 8.47688 -0.414235 0.579542 0.0293834 -0.0100004 0.814351
47.pcd 15.587 8.99582 -0.407338 0.664677 0.0263685 -0.00997018 0.746598
48.pcd 15.6995 9.50321 -0.411012 0.76196 0.0280597 -0.0057863 0.64699
49.pcd 15.931 9.9129 -0.410087 0.843041 0.0250489 -0.00896014 0.53719
50.pcd 16.2638 10.302 -0.417856 0.892906 0.0259373 -0.0075273 0.449432
51.pcd 16.6859 10.5993 -0.428962 0.945021 0.0220645 -0.0088666 0.326144
52.pcd 17.1091 10.7362 -0.437954 0.97967 0.0242051 -0.0128069 0.19874
53.pcd 17.6477 10.7864 -0.443861 0.997177 0.0175929 -0.0105507 0.0722315
54.pcd 18.1239 10.6927 -0.457114 0.997995 0.013662 -0.00749882 -0.0613451
55.pcd 18.5958 10.4692 -0.47827 0.982313 0.0136029 -0.010113 -0.186476
56.pcd 18.9922 10.1467 -0.496408 0.952005 0.00833963 -0.00228379 -0.305961
57.pcd 19.2629 9.75284 -0.515873 0.902835 0.00112119 -1.59968e-06 -0.429986
58.pcd 19.4505 9.24687 -0.537588 0.841579 -0.000278772 0.00137676 -0.540132
59.pcd 19.5973 8.76796 -0.558472 0.812077 -0.00256661 0.00142218 -0.583543
60.pcd 19.7097 8.2593 -0.581054 0.787882 -0.0036279 0.00440578 -0.615799
61.pcd 19.7861 7.73694 -0.598593 0.763456 -0.00786923 0.000844663 -0.645811
62.pcd 19.8075 7.22397 -0.615804 0.72618 -0.0115861 0.00529229 -0.687386
63.pcd 19.7078 6.73041 -0.62614 0.657396 -0.0151657 0.00335929 -0.753385
64.pcd 19.5972 6.21467 -0.636567 0.642826 -0.0133754 0.00089889 -0.765895
65.pcd 19.5074 5.71687 -0.644089 0.633242 -0.018714 0.00297625 -0.773722
66.pcd 19.3561 5.23766 -0.650805 0.602322 -0.0202554 0.00283584 -0.797991
67.pcd 19.1807 4.75153 -0.657287 0.582455 -0.0201006 0.00276138 -0.81261
68.pcd 18.9831 4.25491 -0.661487 0.566288 -0.020328 0.00273907 -0.823952
69.pcd 18.748 3.76484 -0.665898 0.535596 -0.0229007 0.0043392 -0.844153
70.pcd 18.4381 3.35872 -0.663995 -0.462269 0.0220967 -0.00796893 0.886429
71.pcd 18.0968 2.98909 -0.662422 -0.418618 0.0244526 -0.0044171 0.907823
72.pcd 17.7244 2.61324 -0.661021 -0.390524 0.0241003 -0.0103819 0.920219
73.pcd 17.3216 2.24678 -0.662309 -0.367173 0.0249855 -0.0109579 0.929752
74.pcd 16.916 1.91223 -0.657407 -0.344611 0.0284378 -0.0111054 0.938249
75.pcd 16.5149 1.60603 -0.65606 -0.325144 0.0270524 -0.0156333 0.945148
76.pcd 16.0967 1.30162 -0.652185 -0.314624 0.0274678 -0.0173078 0.948661
77.pcd 15.6943 1.00323 -0.646749 -0.317857 0.0289882 -0.0150911 0.947575
78.pcd 15.2881 0.676403 -0.641022 -0.331643 0.0330933 -0.0133275 0.94273
79.pcd 14.8442 0.394336 -0.63926 -0.284372 0.0280505 -0.017535 0.958143
80.pcd 14.3846 0.177075 -0.632907 -0.235893 0.0286537 -0.0167037 0.971213
81.pcd 13.9127 -0.0178092 -0.624039 -0.205259 0.0281603 -0.0165401 0.978163
82.pcd 13.4462 -0.210696 -0.619003 -0.200438 0.029092 -0.017135 0.979124
83.pcd 12.9484 -0.431003 -0.615928 -0.204314 0.0253842 -0.0213104 0.978344
84.pcd 12.4774 -0.635183 -0.614667 -0.203657 0.025233 -0.0216974 0.978476
85.pcd 11.9998 -0.82715 -0.611089 -0.193334 0.02667 -0.0220351 0.980523
86.pcd 11.5023 -0.937877 -0.588861 -0.126823 0.0425731 -0.0147275 0.990902
87.pcd 10.9907 -1.03512 -0.566909 -0.103247 0.041889 -0.0136793 0.993679
88.pcd 10.4737 -1.18093 -0.550894 -0.135188 0.040569 -0.01547 0.989868
89.pcd 9.98349 -1.28084 -0.531295 -0.104637 0.0445761 -0.0170008 0.993366
90.pcd 9.4593 -1.34947 -0.503234 -0.0749954 0.0454859 -0.0128505 0.996063
91.pcd 8.93681 -1.44084 -0.47781 -0.0902205 0.0434516 -0.0105822 0.994917
92.pcd 8.43147 -1.55496 -0.455878 -0.107991 0.0427132 -0.0100856 0.993183
93.pcd 7.91196 -1.61395 -0.439753 -0.065636 0.0420849 -0.0156602 0.996833
94.pcd 7.3663 -1.63794 -0.402561 -0.0300795 0.0478141 -0.00869472 0.998365
95.pcd 6.85905 -1.63163 -0.373952 -0.0033693 0.0465821 -0.00956289 0.998863
96.pcd 6.35371 -1.61124 -0.347468 0.0149981 0.0444324 -0.0119161 0.998829
97.pcd 5.81413 -1.58286 -0.316771 0.0233481 0.0461573 -0.012346 0.998585
98.pcd 5.30755 -1.54656 -0.287412 0.0279274 0.0507423 -0.00587152 0.998304
99.pcd 4.79292 -1.56803 -0.25616 -0.0105817 0.0520807 -0.00620034 0.998568
100.pcd 4.26132 -1.58968 -0.224356 -0.0164999 0.0485635 -0.00829616 0.998649
101.pcd 3.74192 -1.57978 -0.196066 0.00511302 0.0503435 -0.0127108 0.998638
102.pcd 3.21697 -1.52813 -0.16437 0.0391214 0.0512779 -0.0127414 0.997837
103.pcd 2.70295 -1.46225 -0.131404 0.0570821 0.0506189 -0.0135146 0.996994
104.pcd 2.19108 -1.41138 -0.0988113 0.0432564 0.0517823 -0.012353 0.997645
105.pcd 1.68376 -1.39194 -0.0693095 0.0242993 0.0486784 -0.0117849 0.998449
106.pcd 1.15475 -1.37242 -0.0372472 0.0157856 0.0512051 -0.0116488 0.998495
107.pcd 0.603673 -1.36053 -0.00651391 0.00905132 0.0496473 -0.0131621 0.998639
108.pcd 0.0627398 -1.34902 0.0253727 0.00936921 0.0477047 -0.0129133 0.998734
109.pcd -0.438201 -1.33812 0.051456 0.0118006 0.0473078 -0.0165821 0.998673
110.pcd -0.965526 -1.3218 0.079861 0.0145725 0.0455373 -0.0158572 0.99873
111.pcd -1.46403 -1.28934 0.104276 0.025692 0.0439625 -0.0133032 0.998614
112.pcd -1.96734 -1.24974 0.129505 0.0339267 0.0450693 -0.0150258 0.998295
113.pcd -2.53027 -1.22691 0.162422 0.016994 0.04813 -0.00978483 0.998649
114.pcd -3.062 -1.26666 0.183603 -0.0309619 0.0411566 -0.0149576 0.998561
115.pcd -3.60709 -1.27719 0.211895 -0.00565828 0.0459559 -0.0226618 0.99867
116.pcd -4.13428 -1.25832 0.244939 0.0158941 0.0469386 -0.0185529 0.998599
117.pcd -4.63396 -1.19246 0.276616 0.0483389 0.052129 0.000538741 0.99747
118.pcd -5.18532 -1.18936 0.313342 -0.000191418 0.053557 -0.00595422 0.998547
119.pcd -5.7096 -1.20215 0.340129 -0.00685225 0.0482604 -0.0150116 0.998698
120.pcd -6.25058 -1.16406 0.371763 0.0260032 0.0463263 -0.0183507 0.998419
121.pcd -6.75744 -1.11921 0.402191 0.0394166 0.0497668 -0.0138446 0.997887
122.pcd -7.31715 -1.02902 0.442977 0.0664327 0.0560061 -0.0100108 0.996168
123.pcd -7.84934 -0.985716 0.478733 0.0544716 0.0525421 -0.014644 0.997024
124.pcd -8.36153 -0.928527 0.508231 0.0388529 0.0489192 -0.0152585 0.99793
125.pcd -8.86259 -0.877715 0.537896 0.0407286 0.0487207 -0.0173818 0.99783
126.pcd -9.36448 -0.787477 0.572117 0.077785 0.0507756 -0.0126981 0.995595
127.pcd -9.87932 -0.664277 0.607163 0.107564 0.0503458 -0.0127567 0.992841
128.pcd -10.3818 -0.517183 0.643559 0.133354 0.0497234 -0.0123495 0.989743
129.pcd -10.8799 -0.365136 0.67463 0.140658 0.0442836 -0.0181923 0.9889
130.pcd -11.3631 -0.222383 0.700934 0.135961 0.0428886 -0.0202632 0.989578
131.pcd -11.8605 -0.0830959 0.727593 0.129649 0.043254 -0.0288192 0.990197
132.pcd -12.3189 0.129216 0.756528 0.196698 0.041574 -0.0254893 0.979251
133.pcd -12.79 0.371157 0.785473 0.227077 0.0408382 -0.0265764 0.972657
134.pcd -13.2446 0.637484 0.815447 0.252942 0.0413379 -0.026137 0.966244
135.pcd -13.6723 0.906887 0.843201 0.271483 0.0410504 -0.0253594 0.961233
136.pcd -14.1379 1.18544 0.869007 0.261126 0.0455528 -0.0243377 0.963922
137.pcd -14.5803 1.42472 0.899625 0.251946 0.0414452 -0.0280895 0.966445
138.pcd -15.0101 1.69795 0.92823 0.27204 0.0414925 -0.0296826 0.960933
139.pcd -15.4392 2.01781 0.959984 0.309542 0.0428215 -0.0304855 0.949432
140.pcd -15.8202 2.36939 0.995383 0.354613 0.0464711 -0.030021 0.933375
141.pcd -16.16 2.74555 1.03041 0.395223 0.0482203 -0.0322939 0.91675
142.pcd -16.4795 3.14891 1.06592 0.422603 0.048406 -0.0277815 0.904595
143.pcd -16.8082 3.56637 1.09886 0.43566 0.0454026 -0.0281351 0.898525
144.pcd -17.1186 3.97235 1.13467 0.438538 0.0483211 -0.0289324 0.896946
145.pcd -17.4319 4.37048 1.17017 0.435108 0.046335 -0.0264594 0.898796
146.pcd -17.7438 4.76199 1.20528 0.43364 0.0473466 -0.0293036 0.899364
147.pcd -18.0285 5.18844 1.24229 0.47158 0.0458342 -0.0311917 0.880079
148.pcd -18.2091 5.69152 1.27421 0.544043 0.0467707 -0.0287874 0.837258
149.pcd -18.4053 6.2024 1.30956 0.564596 0.0475833 -0.0279591 0.82352
150.pcd -18.5374 6.70992 1.35002 0.601651 0.049357 -0.0297511 0.796678
151.pcd -18.6421 7.23079 1.38666 0.624059 0.0481853 -0.0262015 0.77945
152.pcd -18.7435 7.76183 1.42697 0.633674 0.0494671 -0.0259781 0.77158
153.pcd -18.8021 8.30062 1.46457 0.666343 0.0459248 -0.0226991 0.743883
154.pcd -18.7704 8.81954 1.49236 0.71585 0.0456712 -0.0209029 0.696445
155.pcd -18.6299 9.35851 1.5176 0.779049 0.0451665 -0.0208864 0.624986
156.pcd -18.4415 9.84754 1.54153 0.810719 0.0464519 -0.0195376 0.583262
157.pcd -18.1932 10.3225 1.55994 0.850271 0.0439492 -0.0176522 0.524211
158.pcd -17.8724 10.7455 1.57308 0.885704 0.0437512 -0.0159308 0.461909
159.pcd -17.511 11.0916 1.57833 0.923461 0.0389645 -0.0156796 0.381386
160.pcd -17.0704 11.2952 1.57778 0.966731 0.0379176 -0.0136629 0.252601
161.pcd -16.5456 11.3808 1.56939 0.992879 0.0332208 -0.0102612 0.113941
162.pcd -16.0317 11.3633 1.55626 0.999652 0.0257315 -0.00320939 0.00480897
163.pcd -15.5265 11.2348 1.53 0.993757 0.0203191 0.001935 -0.109685
164.pcd -15.1164 10.9621 1.50066 0.969958 0.0213574 0.00259118 -0.242321
165.pcd -14.8429 10.628 1.47328 0.925445 0.0138121 0.00523457 -0.378593
166.pcd -14.5735 10.1874 1.44084 0.88274 0.00503013 0.0084313 -0.469759
167.pcd -14.5392 9.88858 1.42216 0.810325 -0.00224601 0.0129328 -0.585834
168.pcd -14.5621 9.39054 1.39442 0.716232 0.000238361 0.0151431 -0.697698
169.pcd -14.641 8.88199 1.36401 0.666014 -0.00283388 0.0181039 -0.745714
170.pcd -14.8281 8.57958 1.35231 0.553205 -0.0106642 0.0262764 -0.832562
171.pcd -15.1322 8.17837 1.32843 -0.479972 0.0115074 -0.0243132 0.876871
172.pcd -15.4468 7.75743 1.31211 -0.457002 0.0134567 -0.0226606 0.889075
173.pcd -15.6853 7.26853 1.28709 0.52199 -0.011865 0.0228516 -0.852563
174.pcd -15.8905 6.80122 1.26257 0.541667 -0.00804053 0.0224217 -0.840256
175.pcd -16.1006 6.323 1.23623 0.545402 -0.011755 0.0216948 -0.837811
176.pcd -16.2107 5.80195 1.20939 0.635122 -0.00405162 0.015427 -0.772247
177.pcd -16.1561 5.2951 1.17654 0.725205 0.00240523 0.0122205 -0.688421
178.pcd -16.0014 5.01296 1.15405 0.811714 0.0140452 0.00544061 -0.583861
179.pcd -15.6826 4.6375 1.12281 0.883483 0.0220862 0.00205148 -0.467937
180.pcd -15.2813 4.33216 1.09048 0.93522 0.0280337 0.00243074 -0.352946
181.pcd -14.9756 3.92713 1.0544 0.900156 0.0203443 0.0065549 -0.435043
182.pcd -14.6276 3.56806 1.01943 0.919306 0.0265956 0.00592884 -0.392598
183.pcd -14.2274 3.2273 0.986846 0.934804 0.0293812 0.00202287 -0.353942
184.pcd -13.8055 2.89196 0.951957 0.941402 0.028559 0.00185072 -0.336069
185.pcd -13.4013 2.58327 0.921153 0.945192 0.0270207 0.000892763 -0.325393
186.pcd -12.9893 2.28848 0.892262 0.950149 0.0240153 0.00189951 -0.310863
187.pcd -12.547 1.99385 0.861002 0.955956 0.0242427 0.00278769 -0.292494
188.pcd -12.0944 1.72429 0.830079 0.961573 0.0240028 0.00202087 -0.273491
189.pcd -11.5776 1.54287 0.80518 0.984203 0.0307252 -0.00345354 -0.174326
190.pcd -11.0626 1.44135 0.786387 0.992158 0.0287683 -0.00324541 -0.121593
191.pcd -10.5532 1.25641 0.757841 0.986056 0.031133 -0.00193496 -0.163463
192.pcd -10.0552 1.06719 0.734121 0.983429 0.02807 -0.0016293 -0.1791
193.pcd -9.5729 0.892281 0.712127 0.984366 0.0292443 -0.00344583 -0.173657
194.pcd -9.07398 0.747167 0.688751 0.988564 0.0306227 -0.00254002 -0.147637
195.pcd -8.57267 0.655914 0.666108 0.994085 0.0336054 -0.00186622 -0.103257
196.pcd -8.02803 0.573206 0.644475 0.995935 0.0354529 -0.00521708 -0.0826383
197.pcd -7.50377 0.511369 0.628558 0.997211 0.0352209 -0.00795913 -0.0653111
198.pcd -6.97792 0.458361 0.615418 0.997707 0.0399355 -0.00961039 -0.053791
199.pcd -6.44536 0.418973 0.603506 0.998196 0.040342 -0.00984908 -0.043361
200.pcd -5.93624 0.390807 0.593798 0.998719 0.0375175 -0.0105965 -0.0322476
201.pcd -5.40749 0.372364 0.582861 0.998961 0.038301 -0.0108325 -0.0222164
202.pcd -4.88343 0.373901 0.57034 0.999325 0.0358661 -0.00776403 -0.00161127
203.pcd -4.36855 0.369781 0.556696 0.999136 0.0396476 -0.00945412 -0.00814948
204.pcd -3.83992 0.331158 0.545111 0.998587 0.0436774 -0.0120545 -0.0277693
205.pcd -3.27386 0.316286 0.532819 0.998936 0.0429806 -0.0128945 -0.0106556
206.pcd -2.73092 0.307181 0.522168 0.999023 0.0406038 -0.0109974 -0.0135293
207.pcd -2.18913 0.254551 0.508401 0.998301 0.043292 -0.0113898 -0.0372987
208.pcd -1.68393 0.206949 0.502105 0.997922 0.044885 -0.0153054 -0.0436165
209.pcd -1.16697 0.181331 0.492371 0.998594 0.0429536 -0.0116143 -0.0288081
210.pcd -0.597956 0.17107 0.485609 0.998658 0.0487782 -0.0148105 -0.00911036
211.pcd -0.0965823 0.19068 0.480944 0.998769 0.0464325 -0.0130716 0.0115292
212.pcd 0.439054 0.159905 0.46839 0.998226 0.0382498 -0.0121468 -0.0439836
213.pcd 0.955497 0.142953 0.458518 0.998865 0.0454459 -0.0134607 -0.0046326
