0.pcd -0.824392 -0.00968639 0.0370214 0.999569 -0.0282169 0.00713013 0.00381107
1.pcd 0.793194 -0.0128415 -0.00377334 0.998712 -0.0494974 0.0110931 -0.000954506
2.pcd 1.21154 -0.0300216 -0.0239234 0.999766 -0.0212646 0.00238787 0.00324983
3.pcd 1.40643 -0.0268199 -0.0226564 0.999046 0.0208586 0.0383722 0.000510202
4.pcd 1.84892 -0.0207933 -0.0507059 0.999629 -0.0181775 0.0139929 0.0146884
5.pcd 2.39781 -0.0323783 -0.0998341 0.999295 -0.034612 0.0111802 -0.0092494
6.pcd 2.8077 -0.0499241 -0.133104 0.998175 -0.0583676 0.0107553 -0.0111744
7.pcd 3.1811 -0.0603934 -0.159573 0.996019 -0.0875978 0.0155145 -0.00566908
8.pcd 3.71353 -0.115886 -0.192499 0.994813 -0.0976805 0.0176686 -0.0221981
9.pcd 4.27553 -0.151844 -0.206001 0.997704 -0.053961 0.00555003 -0.0405383
10.pcd 4.71423 -0.209778 -0.232611 0.997464 -0.0529505 0.00492313 -0.0473024
11.pcd 5.47531 -0.251161 -0.249838 0.999627 0.00118941 -0.014229 0.0233016
12.pcd 6.11963 -0.159733 -0.266607 0.996881 0.00272356 -0.0109325 0.0781099
13.pcd 6.43061 -0.0801591 -0.273243 0.985767 0.147011 -0.0139633 0.0803562
14.pcd 7.72983 0.0605295 -0.244133 0.994879 -0.0973162 -0.013594 0.023677
15.pcd 8.22831 0.0433795 -0.195402 0.995573 -0.0920654 -0.00312728 0.018658
16.pcd 8.7225 0.132762 -0.235463 0.996428 -0.0674074 -0.00507226 0.0506157
17.pcd 9.66434 0.285976 -0.282388 0.978688 -0.173914 0.0234928 0.106636
18.pcd 10.1443 0.34144 -0.346595 0.98866 0.0638324 0.0587516 0.122574
19.pcd 10.2314 0.298324 -0.387705 0.992315 -0.0116162 -0.00297864 0.123151
20.pcd 9.95294 0.243403 -0.444084 0.995827 0.025404 -0.000747229 0.0876546
21.pcd 10.5819 0.362634 -0.451084 0.982535 -0.163251 0.00894734 0.0888497
22.pcd 11.2536 0.520164 -0.494594 0.992193 0.0216409 -0.015617 0.121822
23.pcd 11.7895 0.730528 -0.485143 0.980218 0.0378196 -0.035632 0.190979
24.pcd 12.0788 0.882468 -0.508139 0.972174 0.0546562 -0.0398145 0.224288
25.pcd 12.6926 1.1776 -0.45566 0.963656 0.0480513 -0.0126017 0.262488
26.pcd 13.1967 1.41994 -0.442708 0.972845 0.0474959 -0.0197156 0.225672
27.pcd 13.7063 1.5785 -0.442527 0.9766 0.0421489 -0.0146305 0.210384
28.pcd 14.0572 1.78294 -0.440825 0.973235 0.0352437 -0.00669203 0.226997
29.pcd 14.5392 2.07781 -0.460971 0.962427 0.0516666 -0.00147799 0.266575
30.pcd 14.952 2.39647 -0.440077 0.95502 0.00994608 -0.0176022 0.29585
31.pcd 15.3553 2.7158 -0.444158 0.946188 0.0166895 -0.0170042 0.322741
32.pcd 15.7511 3.01836 -0.453244 0.946578 0.0279742 -0.0138924 0.32096
33.pcd 16.0807 3.27633 -0.444625 0.944004 0.0432971 -0.00164598 0.327077
34.pcd 16.4652 3.59644 -0.451796 0.941498 0.0450038 -0.00074596 0.334
35.pcd 16.8045 3.97298 -0.451832 0.91449 0.0451065 -0.000811054 0.402086
36.pcd 17.0556 4.38135 -0.432351 0.885307 0.00618104 -0.0199508 0.464538
37.pcd 17.305 4.82939 -0.445875 0.8626 0.0173867 -0.0182115 0.505259
38.pcd 17.4384 5.32889 -0.44081 0.802582 0.0133973 -0.0200752 0.596053
39.pcd 17.4086 5.82588 -0.437199 0.714542 0.0279443 -0.00478652 0.699018
40.pcd 17.2623 6.25551 -0.425054 0.617639 0.0308011 -0.00317434 0.785852
41.pcd 17.0403 6.54668 -0.425729 0.496256 0.0387188 0.00604643 0.867291
42.pcd 16.6799 6.86738 -0.40985 0.404056 0.0404428 -0.00293472 0.913835
43.pcd 16.2791 7.20824 -0.379812 0.354741 0.0473772 -0.00039715 0.933763
44.pcd 15.9127 7.57254 -0.354502 0.396562 0.045379 -0.00622796 0.916864
45.pcd 15.648 7.9924 -0.332706 0.480522 0.0535378 -0.00046762 0.875347
46.pcd 15.5109 8.4428 -0.308195 0.587522 0.0604527 0.00872903 0.8069
47.pcd 15.4666 8.95323 -0.292815 0.671177 0.0599269 0.0144111 0.73873
48.pcd 15.5866 9.45846 -0.301979 0.767592 0.0556432 0.0231027 0.6381
49.pcd 15.8252 9.86346 -0.318229 0.848075 0.0377014 0.0194897 0.528174
50.pcd 16.1028 10.1913 -0.369869 0.897148 0.0269305 0.00736091 0.440847
51.pcd 16.5623 10.5201 -0.365604 0.94624 0.025197 0.0114822 0.322279
52.pcd 16.9006 10.6138 -0.385888 0.980724 0.0329289 -0.00457412 0.192548
53.pcd 17.4658 10.6557 -0.390605 0.99725 0.0271317 -0.00405861 0.0688523
54.pcd 17.9497 10.5576 -0.412606 0.997203 0.0205076 0.00196697 -0.0718418
55.pcd 18.4191 10.3241 -0.443433 0.981295 0.0217555 0.00644257 -0.191167
56.pcd 18.823 9.992 -0.480241 0.948966 0.0192316 -0.0062451 -0.314729
57.pcd 19.1039 9.611 -0.516978 0.899804 0.0095332 -0.00244119 -0.436184
58.pcd 19.2894 9.10839 -0.544934 0.838278 0.00603578 -0.00253356 -0.545203
59.pcd 19.4219 8.62508 -0.567522 0.80817 0.00421995 -0.00289524 -0.588927
60.pcd 19.5332 8.11359 -0.584133 0.783294 0.00165348 0.00961316 -0.621575
61.pcd 19.4244 7.53241 -0.636528 0.758146 -0.00794509 -0.00253745 -0.652032
62.pcd 19.4367 7.04093 -0.650421 0.726653 0.0136792 -0.00848349 -0.686816
63.pcd 19.3482 6.55646 -0.676668 0.661094 0.0161622 -0.0186446 -0.749897
64.pcd 19.2431 6.05207 -0.697888 0.648859 0.0219983 -0.0198873 -0.76033
65.pcd 19.1577 5.55394 -0.718779 0.640334 0.00323506 -0.00818953 -0.768046
66.pcd 19.0187 5.06148 -0.733751 0.610516 -0.000718836 -0.00766752 -0.791966
67.pcd 18.8604 4.59455 -0.747768 0.587286 0.00123092 -0.00605567 -0.809356
68.pcd 18.666 4.1088 -0.765126 0.566453 -0.0812257 0.119996 -0.811255
69.pcd 18.4573 3.65486 -0.780737 0.535619 -0.0892384 0.0920626 -0.83467
70.pcd 18.1963 3.2796 -0.75137 -0.483427 0.0431186 -0.0341836 0.873654
71.pcd 17.9953 3.20616 -0.773624 -0.419085 0.00950918 0.00619004 0.907876
72.pcd 17.6123 2.82405 -0.790873 -0.38768 0.0221953 -0.0220191 0.921264
73.pcd 17.1518 2.43474 -0.802579 -0.360468 0.0483748 -0.06857 0.928989
74.pcd 16.7142 2.08849 -0.793004 -0.338383 0.0550926 -0.0770955 0.936225
75.pcd 16.3165 1.80903 -0.787037 -0.315757 0.0609359 -0.0799545 0.9435
76.pcd 15.8885 1.50883 -0.765968 -0.305294 0.0591394 -0.074837 0.947469
77.pcd 15.4746 1.21534 -0.747968 -0.307907 0.0574833 -0.0641294 0.947511
78.pcd 15.0413 0.884384 -0.728774 -0.321531 0.0627189 -0.0623301 0.942762
79.pcd 14.5715 0.603682 -0.706818 -0.272323 0.0617097 -0.062154 0.958211
80.pcd 14.008 0.354359 -0.673302 -0.237944 0.0513446 -0.0155834 0.969796
81.pcd 13.8182 0.274965 -0.706672 -0.21971 0.0591115 -0.0541085 0.972268
82.pcd 13.4555 0.0932187 -0.687678 -0.222481 0.066029 -0.0502781 0.971398
83.pcd 13.1658 -0.0526866 -0.659917 -0.238661 0.0656843 -0.115233 0.962002
84.pcd 12.8015 -0.27451 -0.634918 -0.241347 0.0462384 -0.0653198 0.967133
85.pcd 12.3472 -0.490533 -0.619333 -0.232193 0.0495201 -0.0554251 0.969826
86.pcd 11.8739 -0.607546 -0.570326 -0.167148 0.0647076 -0.0530852 0.982373
87.pcd 11.431 -0.742444 -0.516645 -0.128701 0.066606 -0.0682773 0.987086
88.pcd 10.6664 -0.977138 -0.470303 -0.16203 0.0106828 0.221654 0.96151
89.pcd 10.1686 -1.11952 -0.451468 -0.120788 0.0214806 0.319272 0.939688
90.pcd 9.55084 -1.22243 -0.42145 -0.0731731 0.0449209 0.0906511 0.992174
91.pcd 9.09541 -1.2913 -0.39377 -0.105132 0.0537477 0.0270301 0.992637
92.pcd 8.47304 -1.43228 -0.352784 -0.124848 0.0399849 0.268071 0.954438
93.pcd 7.82712 -1.52734 -0.306158 -0.0731408 0.0389708 0.138645 0.986868
94.pcd 7.30774 -1.54584 -0.27472 -0.0318615 0.033976 0.0318531 0.998407
95.pcd 6.49814 -1.53614 -0.248907 -0.00794508 0.022726 0.0452713 0.998685
96.pcd 5.97209 -1.4909 -0.254712 0.0147481 0.0225951 -0.0310581 0.999153
97.pcd 5.31322 -1.45961 -0.245895 0.0206774 0.0493074 -0.00540927 0.998555
98.pcd 4.90787 -1.43223 -0.225713 0.0284618 0.0509389 -0.0228143 0.998035
99.pcd 4.35569 -1.46311 -0.188936 -0.0152657 0.0562849 -0.0193158 0.998111
100.pcd 4.03629 -1.4444 -0.150459 -0.0210419 0.0356363 0.0637861 0.997105
101.pcd 3.58405 -1.59338 -0.169069 0.0113695 0.0639232 -0.108749 0.991947
102.pcd 2.61949 -1.49871 -0.0612829 0.0379443 0.0627745 -0.0315184 0.996808
103.pcd 1.99058 -1.41501 -0.00241889 0.0295292 0.077199 0.35199 0.932347
104.pcd 1.62383 -1.34089 0.0351892 0.0138993 0.00828407 0.0139744 0.999771
105.pcd 1.20428 -1.34315 0.0066271 -6.69027e-05 0.000773713 0.391194 0.920308
106.pcd 0.705252 -1.36784 -0.0147038 0.0113671 0.0185608 0.634171 0.772886
107.pcd 0.522782 -1.36259 -0.0121262 0.0185035 0.0343597 0.838836 0.542984
108.pcd 0.0229751 -1.33103 0.0284557 0.0141009 0.0494473 0.365939 0.929217
109.pcd -0.503172 -1.28067 0.00491642 0.0263283 0.068427 0.371872 0.925384
110.pcd -1.19358 -1.20065 0.0598411 0.0199224 0.0276431 -0.0927532 0.995106
111.pcd -1.48981 -1.17317 0.0557657 0.0365784 0.0358293 -0.186607 0.981099
112.pcd -2.03138 -1.10735 0.0885532 0.0454229 0.0403156 -0.281892 0.957522
113.pcd -1.74608 -1.04408 -0.0395437 0.0147933 0.0627608 0.028667 0.997507
114.pcd -3.2298 -1.14515 0.132308 -0.0455657 0.0484035 0.1281 0.989531
115.pcd -3.63196 -1.15677 0.15772 -0.0147209 0.048032 0.086868 0.994952
116.pcd -4.41528 -1.11023 0.178106 -0.00103144 0.0372649 0.134174 0.990256
117.pcd -4.73138 -1.12766 0.17595 0.0496836 0.0513186 0.165616 0.9836
118.pcd -5.17531 -1.10772 0.215403 -0.00522221 0.0543155 0.194569 0.97937
119.pcd -5.78599 -1.11019 0.244288 -0.0174886 0.0600591 0.240388 0.968659
120.pcd -6.41398 -1.06959 0.284827 0.0266096 0.0345498 -0.0691769 0.996651
121.pcd -6.92958 -1.01952 0.303874 0.0201554 0.0568196 0.010168 0.998129
122.pcd -7.30462 -0.989124 0.33279 0.0592282 0.0603589 -0.00111668 0.996417
123.pcd -7.89278 -0.952488 0.378601 0.0465819 0.0546893 -0.0178496 0.997257
124.pcd -8.44904 -0.897444 0.41475 0.0406277 0.0466248 -0.0674773 0.995802
125.pcd -8.85666 -0.849596 0.432965 0.0476181 0.0509557 -0.0574404 0.99591
126.pcd -9.39464 -0.74233 0.477147 0.0793595 0.0595905 -0.00255891 0.99506
127.pcd -9.89422 -0.633235 0.50822 0.112978 0.0598096 -0.0192461 0.991609
128.pcd -10.2241 -0.52079 0.540352 0.159449 0.0117124 -0.238549 0.957879
129.pcd -10.5925 -0.375888 0.579169 0.157434 0.0113983 -0.210756 0.964711
130.pcd -11.1481 -0.175295 0.608206 0.132879 0.0247592 -0.0442814 0.989833
131.pcd -11.6655 -0.0384829 0.634566 0.132657 0.0279763 -0.101558 0.985548
132.pcd -12.1212 0.182631 0.684818 0.201651 0.0258738 -0.114457 0.972403
133.pcd -12.5945 0.438809 0.726001 0.228679 0.0255397 -0.102002 0.967806
134.pcd -13.09 0.739742 0.756539 0.257665 0.0191116 -0.107409 0.960056
135.pcd -13.4017 0.948354 0.777238 0.266237 0.0521629 -0.0487816 0.961258
136.pcd -13.8729 1.22963 0.824555 0.259713 0.0638651 -0.0425232 0.962633
137.pcd -14.3551 1.49925 0.887469 0.246476 0.0701751 -0.0044718 0.966595
138.pcd -14.748 1.76645 0.929806 0.276836 0.0441577 -0.0231236 0.959623
139.pcd -15.1919 2.11038 0.960004 0.325337 0.0466059 -0.0333641 0.94386
140.pcd -15.5766 2.47237 1.00163 0.359101 0.0547551 -0.0411523 0.930782
141.pcd -15.9087 2.84436 1.07433 0.408625 0.0634704 -0.022865 0.910206
142.pcd -16.1737 3.26815 1.10922 0.43096 0.0587812 0.000407446 0.900454
143.pcd -16.5207 3.74256 1.14367 0.441738 0.0494372 -0.0194503 0.89557
144.pcd -16.8293 4.16898 1.19111 0.440536 0.0393542 -0.0375503 0.896086
145.pcd -17.114 4.55888 1.23011 0.439788 0.0440593 -0.02788 0.896587
146.pcd -17.4227 4.92548 1.25766 0.442517 0.0515942 -0.0211801 0.895024
147.pcd -17.6828 5.35589 1.29462 0.478767 0.060136 -0.0174858 0.875705
148.pcd -17.8546 5.86803 1.33111 0.552484 0.056353 -0.025491 0.831226
149.pcd -18.0385 6.38633 1.3774 0.571228 0.0641247 -0.0173533 0.818099
150.pcd -18.1692 6.89286 1.43245 0.603439 0.0787679 0.00486964 0.793494
151.pcd -18.2645 7.40495 1.45944 0.622852 0.077805 0.0120813 0.778367
152.pcd -18.3598 7.9401 1.51328 0.629034 0.0797031 0.0171483 0.773091
153.pcd -18.4258 8.48155 1.53904 0.661927 0.0737323 0.0241726 0.745542
154.pcd -18.4035 8.95288 1.5497 0.714685 0.0726304 0.031334 0.694959
155.pcd -18.2794 9.42597 1.53622 0.782078 0.0633129 0.0187744 0.619672
156.pcd -18.094 9.91105 1.53601 0.813742 0.0628476 0.0156897 0.577605
157.pcd -17.8506 10.388 1.53099 0.853687 0.0622061 0.0186604 0.516721
158.pcd -17.5902 10.7563 1.51331 0.891273 0.044499 0.0189438 0.450881
159.pcd -17.2296 11.0863 1.48921 0.928069 0.035828 0.0173491 0.370275
160.pcd -16.8285 11.2486 1.44958 0.970656 0.019249 0.0162619 0.239147
161.pcd -16.3515 11.324 1.41526 0.994529 0.0167471 0.0233487 0.100433
162.pcd -15.8439 11.2953 1.37142 0.999545 0.00952156 0.0269224 -0.00975567
163.pcd -15.3636 11.1702 1.31912 0.991352 -0.00983685 0.0358606 -0.125849
164.pcd -14.9586 10.8863 1.26342 0.966644 -0.0071512 0.0302948 -0.254225
165.pcd -14.6923 10.5296 1.23027 0.920923 -0.0205123 0.0244953 -0.388432
166.pcd -14.3789 10.0789 1.21657 0.877423 -0.0359735 0.0282761 -0.477531
167.pcd -14.3619 9.76009 1.21064 0.802856 -0.045635 0.0259092 -0.593859
168.pcd -14.3905 9.25279 1.20606 0.708889 -0.0386593 0.0225532 -0.703899
169.pcd -14.4799 8.74372 1.2027 0.658385 -0.0424587 0.0242707 -0.751091
170.pcd -14.6788 8.44816 1.22591 0.544971 -0.0518789 0.012343 -0.836757
171.pcd -14.9847 8.04683 1.24841 -0.472805 0.0546658 -0.00981129 0.879415
172.pcd -15.3037 7.61707 1.28264 -0.451363 0.0563598 -0.00888421 0.890514
173.pcd -15.5537 7.14537 1.30711 0.517136 -0.0500389 0.0104049 -0.854376
174.pcd -15.7534 6.70509 1.32387 0.539771 -0.0345628 -0.0024603 -0.841099
175.pcd -15.951 6.2142 1.3284 0.57871 -0.0198906 0.00408089 -0.815281
176.pcd -16.2217 5.76188 1.25766 0.660517 -0.0456661 -0.0232633 -0.74906
177.pcd -16.0742 5.17022 1.27245 0.706593 -0.0194582 -0.0471703 -0.705778
178.pcd -15.8857 4.87268 1.27252 0.802642 0.0370337 -0.0127811 -0.595174
179.pcd -15.5899 4.4833 1.25863 0.874343 0.0300043 -0.0109975 -0.484255
180.pcd -15.218 4.20272 1.25719 0.932275 -0.0027675 0.0170102 -0.36134
181.pcd -14.9242 3.80744 1.22799 0.894935 -0.0124174 0.0158358 -0.445742
182.pcd -14.539 3.43058 1.17438 0.917719 0.005967 0.0167467 -0.396832
183.pcd -14.0321 2.95678 1.13113 0.930868 -0.0195947 0.0419209 -0.362412
184.pcd -13.8475 2.73977 1.15468 0.940023 0.000168483 0.0405096 -0.338697
185.pcd -13.4585 2.44911 1.09764 0.942208 0.0242876 0.0186291 -0.333627
186.pcd -13.0393 2.14429 1.05137 0.947986 0.0232472 0.0202313 -0.316816
187.pcd -12.6217 1.83826 1.00712 0.951759 0.0572216 0.012461 -0.301206
188.pcd -12.1621 1.55338 0.95408 0.957863 0.0282069 0.0159422 -0.285392
189.pcd -11.6368 1.34006 0.908661 0.981258 0.0443145 0.0122797 -0.187129
190.pcd -11.1068 1.22699 0.877124 0.991307 -0.00189855 0.0224826 -0.129624
191.pcd -10.5344 0.996419 0.833194 0.984337 -0.0243423 0.0187792 -0.173597
192.pcd -10.098 0.81225 0.795418 0.975028 0.109841 -0.00939347 -0.192789
193.pcd -9.59238 0.615923 0.759111 0.832697 0.52006 -0.0968974 -0.163596
194.pcd -9.13325 0.474005 0.757685 0.815825 0.554843 -0.104319 -0.125287
195.pcd -13.61 1.12445 -0.162094 0.949731 -0.280822 -0.0507556 -0.128743
196.pcd -9.58362 0.569419 0.530567 0.857845 -0.512358 -0.00519998 -0.0395488
197.pcd -7.53186 0.39694 0.494377 0.978822 -0.193705 0.0210236 -0.0628057
198.pcd -6.52335 0.334395 0.447563 0.997721 0.0110849 -0.00858167 -0.0659987
199.pcd -5.87951 0.293282 0.440621 0.998493 0.0156119 -0.0138921 -0.0507476
200.pcd -5.42021 0.253894 0.437344 0.999066 -0.0270222 -0.0133149 -0.0309669
201.pcd -4.88465 0.237485 0.431474 0.992587 -0.120098 -0.00666709 -0.0174178
202.pcd -4.42076 0.225285 0.417521 0.945292 -0.326169 0.00560084 -0.00208867
203.pcd -3.68994 0.181765 0.372283 0.97797 0.189619 -0.0815662 -0.031084
204.pcd -3.14299 0.099415 0.451758 0.938845 0.328667 -0.0922883 -0.0450687
205.pcd -2.8849 0.0767236 0.46451 0.846912 0.524924 -0.0847931 -0.00225928
206.pcd -2.15682 0.0202831 0.563659 0.842536 0.531323 -0.0882998 -0.00565972
207.pcd -1.85266 0.00847916 0.599467 0.858456 0.506168 -0.0798193 -0.0218089
208.pcd -1.0866 -0.0948834 0.639892 0.865479 0.492899 -0.0805251 -0.0388972
209.pcd -0.815896 -0.0985947 0.658396 0.647851 0.757767 -0.0752273 0.0204885
210.pcd -0.144648 -0.135634 0.745915 0.602548 0.79216 -0.088577 0.0396494
211.pcd 0.32242 -0.169062 0.851191 0.618502 0.777317 -0.104309 0.0484963
212.pcd 0.67983 -0.16731 0.930864 0.806559 0.585514 -0.0782842 -0.0225369
213.pcd 0.984183 -0.186367 0.950542 0.79619 0.596928 -0.0984789 0.00776313
