0.pcd -0.00464958 -0.00107469 0 1 0 0 -0.000252889
1.pcd 0.496056 -0.0937907 0 0.998736 0 0 -0.0502581
2.pcd 1.02054 -0.130859 0 0.999989 0 0 -0.00464495
3.pcd 1.55405 -0.116523 0 0.999455 0 0 0.0330196
4.pcd 2.08816 -0.16607 0 0.999667 0 0 -0.0257875
5.pcd 2.61408 -0.259929 0 0.99815 0 0 -0.0607939
6.pcd 3.11424 -0.366995 0 0.996557 0 0 -0.0829159
7.pcd 3.63728 -0.510807 0 0.994736 0 0 -0.102467
8.pcd 4.11888 -0.645495 0 0.99462 0 0 -0.103589
9.pcd 4.66067 -0.759278 0 0.997171 0 0 -0.0751674
10.pcd 5.16552 -0.829293 0 0.998667 0 0 -0.0516133
11.pcd 5.68296 -0.900416 0 0.999134 0 0 -0.0416123
12.pcd 6.18831 -1.0305 0 0.996176 0 0 -0.0873704
13.pcd 6.69662 -1.23995 0 0.980121 0 0 -0.198403
14.pcd 7.0365 -1.56809 0 0.943796 0 0 -0.330527
15.pcd 7.18419 -1.83632 0 0.889849 0 0 -0.456256
16.pcd 7.18005 -2.05819 0 0.820297 0 0 -0.571938
17.pcd 7.19619 -2.56418 0 0.736954 0 0 -0.675943
18.pcd 7.15322 -3.06623 0 0.704332 0 0 -0.709871
19.pcd 7.10463 -3.58385 0 0.69581 0 0 -0.718226
20.pcd 7.09274 -4.09872 0 0.719373 0 0 -0.694624
21.pcd 7.12266 -4.60561 0 0.742728 0 0 -0.669593
22.pcd 7.19165 -5.15354 0 0.763924 0 0 -0.645306
23.pcd 7.26381 -5.68261 0 0.767764 0 0 -0.640733
24.pcd 7.33403 -6.19221 0 0.785403 0 0 -0.618985
25.pcd 7.57533 -6.67532 0 0.867088 0 0 -0.498156
26.pcd 7.94708 -7.04264 0 0.929248 0 0 -0.369456
27.pcd 8.39484 -7.35965 0 0.954692 0 0 -0.297595
28.pcd 8.85067 -7.67113 0 0.959566 0 0 -0.281483
29.pcd 9.22482 -8.01167 0 0.942742 0 0 -0.333524
30.pcd 9.57347 -8.40745 0 0.926293 0 0 -0.376803
31.pcd 9.8644 -8.84005 0 0.895929 0 0 -0.444198
32.pcd 10.0767 -9.30751 0 0.845632 0 0 -0.533767
33.pcd 10.1579 -9.81917 0 0.78032 0 0 -0.62538
34.pcd 10.1731 -10.3878 0 0.729019 0 0 -0.684493
35.pcd 10.1051 -10.9063 0 0.679184 0 0 -0.733968
36.pcd 9.99198 -11.4057 0 0.644216 0 0 -0.764844
37.pcd 9.83273 -11.9298 0 0.618715 0 0 -0.785615
38.pcd 9.64833 -12.4589 0 0.601183 0 0 -0.799111
39.pcd 9.46225 -12.9549 0 0.587886 0 0 -0.808944
40.pcd 9.27337 -13.4455 0 0.597777 0 0 -0.801663
41.pcd 9.13524 -13.9579 0 0.630915 0 0 -0.775852
42.pcd 9.05563 -14.4734 0 0.669862 0 0 -0.742486
43.pcd 9.01792 -14.9771 0 0.701495 0 0 -0.712675
44.pcd 9.01825 -15.506 0 0.716532 0 0 -0.697554
45.pcd 9.02452 -16.038 0 0.724738 0 0 -0.689024
46.pcd 9.00677 -16.5721 0 0.695268 0 0 -0.71875
47.pcd 8.88796 -17.076 0 0.634797 0 0 -0.772679
48.pcd 8.65857 -17.5307 0 0.568557 0 0 -0.822644
49.pcd 8.36748 -17.9769 0 -0.490091 0 0 0.871671
50.pcd 7.99712 -18.3343 0 -0.404537 0 0 0.914522
51.pcd 7.5659 -18.6209 0 -0.312475 0 0 0.949926
52.pcd 7.07857 -18.8059 0 -0.200413 0 0 0.979712
53.pcd 6.55937 -18.8738 0 -0.0786352 0 0 0.996903
54.pcd 6.0156 -18.7852 0 0.0170717 0 0 0.999854
55.pcd 5.49636 -18.7434 0 0.0366272 0 0 0.999329
56.pcd 4.96719 -18.6758 0 0.0388701 0 0 0.999244
57.pcd 4.42955 -18.6097 0 0.0305729 0 0 0.999533
58.pcd 3.8971 -18.5564 0 0.0253472 0 0 0.999679
59.pcd 3.36917 -18.4967 0 0.024995 0 0 0.999688
60.pcd 2.81707 -18.4419 0 0.0378235 0 0 0.999284
61.pcd 2.28119 -18.2996 0 0.110953 0 0 0.993826
62.pcd 1.78626 -18.0954 0 0.158476 0 0 0.987363
63.pcd 1.30111 -17.8727 0 0.185743 0 0 0.982598
64.pcd 0.827506 -17.6885 0 0.153782 0 0 0.988105
65.pcd 0.337723 -17.5811 0 0.0849087 0 0 0.996389
66.pcd -0.17928 -17.5331 0 0.0282354 0 0 0.999601
67.pcd -0.695151 -17.5283 0 -0.0131458 0 0 0.999914
68.pcd -1.20472 -17.5585 0 -0.0478045 0 0 0.998857
69.pcd -1.72708 -17.6345 0 -0.0814783 0 0 0.996675
70.pcd -2.27633 -17.7079 0 -0.0688216 0 0 0.997629
71.pcd -2.78609 -17.6799 0 0.00353592 0 0 0.999994
72.pcd -3.29125 -17.5759 0 0.0685648 0 0 0.997647
73.pcd -3.79129 -17.4615 0 0.103294 0 0 0.994651
74.pcd -4.29937 -17.2879 0 0.138169 0 0 0.990409
75.pcd -4.75054 -17.0528 0 0.214955 0 0 0.976624
76.pcd -5.05579 -16.7257 0 0.349058 0 0 0.937101
77.pcd -5.17905 -16.4374 0 0.473736 0 0 0.880667
78.pcd -5.18043 -16.1128 0 0.59106 0 0 0.806628
79.pcd -5.12077 -15.7933 0 0.700951 0 0 0.713209
80.pcd -4.96524 -15.4085 0 0.789926 0 0 0.613202
81.pcd -4.74806 -14.9242 0 0.816746 0 0 0.576998
82.pcd -4.57758 -14.4176 0 0.790485 0 0 0.612482
83.pcd -4.47182 -13.9256 0 0.757247 0 0 0.653129
84.pcd -4.4005 -13.3863 0 0.726977 0 0 0.686662
85.pcd -4.36208 -12.8817 0 0.711238 0 0 0.702951
86.pcd -4.31195 -12.3804 0 0.732451 0 0 0.68082
87.pcd -4.21386 -11.8808 0 0.755414 0 0 0.655247
88.pcd -4.08545 -11.3916 0 0.774447 0 0 0.632639
89.pcd -3.94767 -10.8944 0 0.788121 0 0 0.615521
90.pcd -3.81448 -10.4077 0 0.77014 0 0 0.637875
91.pcd -3.73003 -9.90206 0 0.744473 0 0 0.667653
92.pcd -3.69386 -9.39688 0 0.720363 0 0 0.693598
93.pcd -3.67243 -8.89461 0 0.707641 0 0 0.706572
94.pcd -3.65652 -8.37501 0 0.69786 0 0 0.716235
95.pcd -3.66146 -7.86771 0 0.691679 0 0 0.722205
96.pcd -3.56324 -7.45863 0 0.783023 0 0 0.621992
97.pcd -3.33505 -7.15839 0 0.857537 0 0 0.514422
98.pcd -2.96146 -6.7935 0 0.913496 0 0 0.406848
99.pcd -2.55204 -6.56274 0 0.958929 0 0 0.283645
100.pcd -2.12992 -6.43161 0 0.989364 0 0 0.14546
101.pcd -1.60875 -6.4361 0 0.999883 0 0 0.0153194
102.pcd -1.11282 -6.50532 0 0.999993 0 0 0.00364206
103.pcd -0.762284 -6.41067 0 0.990582 0 0 0.136917
104.pcd -0.578139 -6.26876 0 0.962178 0 0 0.272423
105.pcd -0.449784 -6.08526 0 0.910654 0 0 0.413171
106.pcd -0.362103 -5.83642 0 0.837752 0 0 0.546051
107.pcd -0.36761 -5.59121 0 0.747865 0 0 0.663851
108.pcd -0.45893 -5.32377 0 0.639355 0 0 0.768912
109.pcd -0.682763 -4.83529 0 0.559793 0 0 0.828633
110.pcd -0.774325 -4.32493 0 0.618151 0 0 0.786059
111.pcd -0.774368 -3.81127 0 0.677687 0 0 0.73535
112.pcd -0.740693 -3.26242 0 0.699455 0 0 0.714677
113.pcd -0.713249 -2.74161 0 0.678285 0 0 0.734799
114.pcd -0.816204 -2.48707 0 0.562523 0 0 0.826781
115.pcd -1.01282 -2.29019 0 0.441437 0 0 0.897292
116.pcd -1.24305 -2.1523 0 0.303469 0 0 0.952841
117.pcd -1.51774 -2.06785 0 0.162433 0 0 0.98672
118.pcd -2.02509 -2.04461 0 0.0713001 0 0 0.997455
119.pcd -2.29077 -1.90447 0 0.214872 0 0 0.976642
120.pcd -2.37956 -1.68627 0 0.354761 0 0 0.934957
121.pcd -2.45553 -1.44568 0 0.485377 0 0 0.874305
122.pcd -2.44447 -1.19968 0 0.599139 0 0 0.800645
123.pcd -2.36401 -0.922674 0 0.712329 0 0 0.701846
124.pcd -2.28308 -0.686378 0 0.808376 0 0 0.588667
125.pcd -2.09404 -0.44921 0 0.884483 0 0 0.466573
126.pcd -1.76671 -0.268852 0 0.943444 0 0 0.331533
127.pcd -1.37785 -0.157088 0 0.979384 0 0 0.202006
128.pcd -1.05413 -0.100328 0 0.997883 0 0 0.0650322
129.pcd -0.527101 -0.122216 0 0.99924 0 0 -0.0389878
