0.pcd -0.210383 -0.322281 0.618171 0.9968 -0.0221585 0.075611 0.0135171
1.pcd 0.310149 -0.402602 0.538371 0.996495 -0.028339 0.0697319 -0.0364993
2.pcd 0.84642 -0.434019 0.465017 0.997231 -0.0254382 0.0697263 0.00470903
3.pcd 1.36839 -0.423819 0.388685 0.995932 -0.0384012 0.0627776 0.0519894
4.pcd 1.91637 -0.452473 0.316705 0.997198 -0.0458955 0.0583148 -0.00945749
5.pcd 2.44549 -0.543738 0.264639 0.992688 0.106785 -0.0297688 -0.0477676
6.pcd 2.9889 -0.624654 0.202415 0.995564 -0.0377877 0.052826 -0.0680781
7.pcd 3.42545 -0.76079 0.157206 0.993382 -0.0580523 0.0523485 -0.0841515
8.pcd 3.90373 -0.883154 0.0971436 0.994228 -0.0339628 0.0517334 -0.0876447
9.pcd 4.51187 -0.975897 0.0507156 0.996489 0.0361245 0.0424782 -0.0624597
10.pcd 5.03307 -1.01964 -0.00347754 0.998072 0.00809043 0.0460044 -0.0408756
11.pcd 5.47589 -1.08991 -0.0426068 0.997952 -0.0367834 0.0440548 -0.0282513
12.pcd 5.96899 -1.20725 -0.0793412 0.995747 -0.0417469 0.0395413 -0.0719839
13.pcd 6.47162 -1.39936 -0.108675 0.981765 -0.0463921 0.0401156 -0.179932
14.pcd 6.81609 -1.70104 -0.127056 0.948452 -0.0506708 0.0304978 -0.311352
15.pcd 6.95307 -1.94446 -0.114642 0.896445 -0.0531215 0.0295899 -0.438964
16.pcd 6.95372 -2.16859 -0.105279 0.829808 -0.0532047 0.0221968 -0.555063
17.pcd 7.0266 -2.67408 -0.0775501 0.746565 -0.0563016 0.0172458 -0.662701
18.pcd 6.98058 -3.18748 -0.0415935 0.715961 -0.0515142 0.0106022 -0.696157
19.pcd 6.95343 -3.71124 -0.00745578 0.70638 -0.0546043 0.0119364 -0.705622
20.pcd 6.94632 -4.22897 0.0199926 0.730043 -0.0549379 0.0115796 -0.681091
21.pcd 6.99825 -4.73931 0.0377208 0.751547 -0.0523538 0.0146883 -0.657435
22.pcd 7.08309 -5.28073 0.0611239 0.772101 -0.0510512 0.0161201 -0.633241
23.pcd 7.16181 -5.81395 0.0822985 0.77627 -0.0536123 0.023059 -0.627694
24.pcd 7.2626 -6.31627 0.0965042 0.793389 -0.0477617 0.0204939 -0.606492
25.pcd 7.50766 -6.77833 0.0959704 0.874886 -0.0380341 0.02783 -0.482031
26.pcd 7.89618 -7.13771 0.0760886 0.934234 -0.032864 0.0305575 -0.353827
27.pcd 8.37596 -7.45399 0.0485038 0.957739 -0.0318289 0.0368094 -0.283494
28.pcd 8.8373 -7.75044 0.014711 0.962577 -0.0330038 0.0399825 -0.266005
29.pcd 9.23359 -8.08589 -0.00327548 0.946004 -0.034646 0.0393756 -0.319884
30.pcd 9.57785 -8.47426 -0.019618 0.930574 -0.0297715 0.0388578 -0.362816
31.pcd 9.904 -8.90632 -0.0404262 0.903744 -0.0332697 0.0361254 -0.425246
32.pcd 10.1308 -9.37955 -0.0550058 0.852675 -0.032647 0.0384854 -0.519998
33.pcd 10.2125 -9.82653 -0.0554763 0.780099 -0.0352063 0.0485705 -0.622774
34.pcd 10.209 -10.3955 -0.0567559 0.728461 -0.0294004 0.0354141 -0.683539
35.pcd 10.1463 -10.9145 -0.0604256 0.678309 -0.0362972 0.038327 -0.732878
36.pcd 10.0321 -11.4147 -0.0539549 0.645259 -0.0368291 0.0365045 -0.762202
37.pcd 9.88327 -11.9356 -0.0422424 0.619124 -0.0381311 0.0365268 -0.783516
38.pcd 9.69832 -12.469 -0.0312562 0.601741 -0.0348766 0.029442 -0.797386
39.pcd 9.50938 -12.9584 -0.0190307 0.588407 -0.033541 0.0269276 -0.80742
40.pcd 9.32731 -13.4493 -0.00916482 0.597276 -0.0334992 0.0325058 -0.800677
41.pcd 9.18928 -13.956 -0.00276388 0.632126 -0.026611 0.0249586 -0.774006
42.pcd 9.10748 -14.4669 -0.00347678 0.670931 -0.0270187 0.0321909 -0.740328
43.pcd 9.06842 -14.9769 -0.00448716 0.701803 -0.0212322 0.018017 -0.711827
44.pcd 9.094 -15.5041 -0.00369991 0.716562 0.00714371 -0.00182467 -0.697484
45.pcd 9.09167 -16.0405 -0.0144477 0.72523 0.00522394 -0.000584504 -0.688487
46.pcd 9.07088 -16.5698 -0.0203957 0.6947 0.0056286 0.00160849 -0.719275
47.pcd 8.95494 -17.0792 -0.0278793 0.635635 -0.00421325 0.0117457 -0.771889
48.pcd 8.71755 -17.5323 -0.0305999 0.570229 -0.00453075 0.0130966 -0.821369
49.pcd 8.42187 -17.9703 -0.0325575 -0.491698 0.00862038 -0.016507 0.870567
50.pcd 8.05339 -18.3272 -0.0390839 -0.40732 0.0126654 -0.0168058 0.913043
51.pcd 7.59419 -18.634 -0.0337451 -0.313702 0.0120602 -0.0184384 0.949266
52.pcd 7.13465 -18.8143 -0.0216216 -0.194807 0.0132112 -0.00899585 0.980711
53.pcd 6.60015 -18.8818 -0.0120846 -0.0698458 0.0119435 -0.00719646 0.99746
54.pcd 6.07223 -18.783 6.54274e-05 0.0244523 0.0128176 0.000558074 0.999619
55.pcd 5.56925 -18.738 0.0101247 0.0436739 0.011381 0.00828633 0.998947
56.pcd 5.03994 -18.6647 0.0217183 0.0434211 0.0126089 0.00719432 0.998951
57.pcd 4.50975 -18.5937 0.0372911 0.0340579 0.0128349 0.0032165 0.999332
58.pcd 3.9918 -18.5389 0.052537 0.0292977 0.0100234 0.00310276 0.999516
59.pcd 3.45598 -18.4715 0.059985 0.029214 0.00829075 0.00515476 0.999526
60.pcd 2.83557 -18.4088 0.0644973 0.0430361 0.00171165 0.00554379 0.999057
61.pcd 2.30911 -18.2619 0.0601625 0.115047 -0.000215772 0.00770232 0.99333
62.pcd 1.81988 -18.0528 0.052558 0.163501 0.000409802 0.00748838 0.986515
63.pcd 1.33256 -17.8225 0.0504399 0.190925 -0.000483869 0.00563846 0.981588
64.pcd 0.861485 -17.6355 0.0460638 0.158583 0.000406161 0.00728617 0.987319
65.pcd 0.370454 -17.5247 0.0451223 0.0896882 0.000640384 0.00429163 0.99596
66.pcd -0.145491 -17.4704 0.043068 0.0335693 -0.000100207 0.00564689 0.99942
67.pcd -0.662546 -17.4593 0.0415669 -0.00777237 -0.000627938 0.00456264 0.999959
68.pcd -1.16668 -17.4854 0.0400104 -0.0436325 -0.000557093 0.00609605 0.999029
69.pcd -1.68967 -17.5532 0.0410779 -0.0756949 -0.00147232 0.00250036 0.997127
70.pcd -2.24989 -17.6212 0.0403382 -0.0617717 -0.0056592 -0.00333524 0.998069
71.pcd -2.75992 -17.5847 0.0348522 0.0127345 -0.00381579 -0.0104517 0.999857
72.pcd -3.26186 -17.4721 0.033324 0.0766448 -0.00208001 -0.0112633 0.996993
73.pcd -3.75204 -17.3532 0.0280413 0.11179 -0.0030752 -0.0126921 0.993646
74.pcd -4.25652 -17.165 0.00295012 0.140492 -0.00424646 -0.00535804 0.990058
75.pcd -4.70759 -16.9281 -0.00032642 0.217185 -0.00423437 -0.00655135 0.976099
76.pcd -5.0091 -16.6097 -0.00123095 0.351369 -0.00245092 -0.00655711 0.936211
77.pcd -5.12974 -16.3241 0.000153062 0.474873 -0.00175949 -0.00648536 0.880029
78.pcd -5.13204 -15.9966 0.00354056 0.592409 -0.00310165 -0.00673505 0.805604
79.pcd -5.06856 -15.6721 0.00530341 0.702188 -0.00416666 -0.00571778 0.711957
80.pcd -4.91906 -15.2885 0.0113715 0.789454 -0.00332552 -0.00538782 0.613776
81.pcd -4.69574 -14.8072 0.0129313 0.812806 0.0105648 0.0069227 0.582397
82.pcd -4.53668 -14.3175 0.00826066 0.785006 0.010086 0.00574119 0.61938
83.pcd -4.44339 -13.8849 0.011825 0.756108 -0.00150343 0.00125642 0.654444
84.pcd -4.36331 -13.3395 0.00854832 0.724911 -0.0176532 -0.00604467 0.68859
85.pcd -4.32714 -12.8314 0.000555767 0.707306 -0.0222645 -0.0136295 0.706426
86.pcd -4.28325 -12.3283 -0.00698926 0.730568 -0.0152866 -0.00543297 0.682647
87.pcd -4.1969 -11.8287 -0.016709 0.753685 -0.0148666 -0.00681048 0.657033
88.pcd -4.07092 -11.3554 -0.0193661 0.773535 -0.0137281 -0.00608244 0.633575
89.pcd -3.93478 -10.8592 -0.0258027 0.786353 -0.0133726 -0.00645993 0.617599
90.pcd -3.81269 -10.3673 -0.0290575 0.768578 -0.0150161 -0.00653018 0.639547
91.pcd -3.7257 -9.85997 -0.0348654 0.743296 -0.0152229 -0.00472501 0.668773
92.pcd -3.68621 -9.35309 -0.0462951 0.719255 -0.01409 -0.00374687 0.694593
93.pcd -3.66592 -8.83453 -0.0550566 0.706007 -0.0175104 -0.00972076 0.707921
94.pcd -3.65033 -8.30412 -0.0631636 0.696851 -0.018765 -0.00687129 0.716937
95.pcd -3.66538 -7.79993 -0.0756344 0.691421 -0.0166501 -0.00676622 0.722228
96.pcd -3.56135 -7.38538 -0.0794881 0.78289 -0.0178083 -0.00858459 0.621846
97.pcd -3.33203 -7.08419 -0.0795802 0.858033 -0.0197892 -0.0108084 0.513099
98.pcd -2.95469 -6.70965 -0.0738264 0.914863 -0.0200647 -0.0156245 0.402963
99.pcd -2.54176 -6.4842 -0.0593228 0.959655 -0.019996 -0.0153827 0.280045
100.pcd -2.12077 -6.35506 -0.0500243 0.989725 -0.0131102 -0.0160722 0.141475
101.pcd -1.59844 -6.35958 -0.0339787 0.999679 -0.0117331 -0.0199357 0.010356
102.pcd -1.09777 -6.43034 -0.0119164 0.999712 -0.0115693 -0.0209195 -0.00224542
103.pcd -0.747126 -6.33466 -0.00131131 0.990994 -0.0167989 -0.0176387 0.131671
104.pcd -0.552564 -6.18742 0.00407616 0.962678 -0.0172917 -0.0168579 0.269571
105.pcd -0.425338 -6.01075 0.0106138 0.911669 -0.0202194 -0.0148556 0.41016
106.pcd -0.339082 -5.76494 0.00901551 0.8384 -0.0216874 -0.0124705 0.544481
107.pcd -0.345532 -5.51115 0.00280665 0.749341 -0.0232985 -0.00743895 0.661733
108.pcd -0.432832 -5.24658 -0.00573812 0.642865 -0.0234006 -0.00329786 0.765615
109.pcd -0.649669 -4.75674 -0.0296916 0.563158 -0.0249488 0.000911251 0.825972
110.pcd -0.735124 -4.2457 -0.0495642 0.621838 -0.0209818 0.00366622 0.782857
111.pcd -0.731222 -3.73194 -0.0658584 0.681051 -0.0208468 0.00204895 0.731936
112.pcd -0.693135 -3.18424 -0.0830258 0.702499 -0.020454 0.000427949 0.71139
113.pcd -0.660507 -2.6617 -0.10009 0.681991 -0.0215428 -0.000582689 0.731043
114.pcd -0.758602 -2.4045 -0.10389 0.565666 -0.0189373 0.00935777 0.824364
115.pcd -0.953324 -2.20697 -0.117063 0.444006 -0.018148 0.0118339 0.895762
116.pcd -1.17913 -2.07292 -0.127602 0.307658 -0.0141907 0.0134816 0.951296
117.pcd -1.45626 -1.98615 -0.137054 0.166636 -0.0120708 0.0121182 0.98587
118.pcd -1.96282 -1.95334 -0.145171 0.0811397 -0.0112425 0.0133987 0.996549
119.pcd -2.23344 -1.80524 -0.158384 0.22612 -0.0146269 0.00858075 0.973952
120.pcd -2.29767 -1.58467 -0.162331 0.361028 -0.0192872 -0.0220606 0.932095
121.pcd -2.36329 -1.35204 -0.154572 0.4989 -0.0198265 -0.0321713 0.865835
122.pcd -2.34629 -1.10694 -0.141648 0.604503 -0.0263514 -0.0446564 0.794914
123.pcd -2.25903 -0.824102 -0.134312 0.71805 -0.0255939 -0.0463631 0.693974
124.pcd -2.1729 -0.585062 -0.115172 0.813135 0.0148122 -0.0230707 0.581429
125.pcd -1.98104 -0.355289 -0.105451 0.884636 0.0155999 -0.0278049 0.465192
126.pcd -1.65928 -0.176467 -0.0871151 0.944784 0.0178255 -0.0218201 0.32648
127.pcd -1.25885 -0.060077 -0.0719294 0.980282 0.0200564 -0.0166799 0.195872
128.pcd -0.938156 -0.0104791 -0.0637046 0.997941 0.0216453 -0.0133493 0.0588809
129.pcd -0.419276 -0.0344911 -0.0513507 0.998689 0.022398 -0.00997284 -0.0449449
