0.pcd 0.000000 0.000000 -0.005954 0.999860 0.003930 -0.016295 -0.000071
1.pcd 0.568123 0.005940 -0.013321 0.999477 0.002449 -0.024797 0.020625
2.pcd 1.093372 0.013193 -0.005242 0.999297 -0.002185 -0.017343 0.033163
3.pcd 1.583738 0.011115 -0.004972 0.999327 0.002694 -0.019500 0.030965
4.pcd 2.118881 -0.031442 -0.003321 0.999873 -0.004198 -0.014042 -0.006277
5.pcd 2.637590 -0.082617 -0.003273 0.999726 -0.003625 -0.012016 -0.019784
6.pcd 3.121076 -0.123732 -0.007056 0.999598 -0.001780 0.014367 -0.024366
7.pcd 3.571409 -0.191161 -0.010839 0.997739 0.001313 0.040701 -0.053466
8.pcd 3.952655 -0.275500 0.105729 0.994368 -0.004471 -0.034106 -0.100246
9.pcd 4.431758 -0.378439 0.222297 0.989024 -0.012097 -0.108618 -0.099434
10.pcd 4.881498 -0.458466 0.248402 0.992817 -0.011269 -0.104679 -0.056824
11.pcd 5.341040 -0.513331 0.335593 0.993124 -0.013648 -0.109401 -0.039367
12.pcd 5.791987 -0.546650 0.419305 0.993748 -0.013307 -0.108820 -0.021120
13.pcd 6.233602 -0.569105 0.501061 0.994004 -0.014266 -0.108049 -0.008832
14.pcd 6.675739 -0.590595 0.591291 0.994074 -0.013297 -0.107797 -0.004491
15.pcd 7.111278 -0.620798 0.670891 0.993008 -0.013450 -0.115789 -0.018655
16.pcd 7.528912 -0.658565 0.669177 0.999054 -0.007491 -0.014724 -0.040233
17.pcd 8.056489 -0.738316 0.660195 0.999082 0.000280 -0.018831 -0.038479
18.pcd 8.554156 -0.695431 0.666359 0.994935 0.000044 -0.019136 0.098682
19.pcd 9.095658 -0.601719 0.653479 0.993052 0.000639 0.036130 0.111994
20.pcd 9.389444 -0.448268 0.603551 0.965232 -0.008686 0.048023 0.256799
21.pcd 9.621586 -0.223524 0.569359 0.919442 -0.015233 0.058951 0.388484
22.pcd 9.778819 0.092036 0.519398 0.859794 -0.031365 0.056182 0.506572
23.pcd 9.839443 0.397875 0.470407 0.773724 -0.042862 0.054119 0.629750
24.pcd 9.809623 0.674347 0.428291 0.680388 -0.050954 0.044935 0.729696
25.pcd 9.674474 1.026074 0.387069 0.567893 -0.051997 0.025455 0.821064
26.pcd 9.492496 1.218707 0.351904 0.441569 -0.057773 0.020093 0.895140
27.pcd 9.262514 1.342834 0.315281 0.297585 -0.050457 0.012981 0.953273
28.pcd 9.053224 1.390356 0.291911 0.163013 -0.054532 0.006898 0.985092
29.pcd 8.802267 1.371613 0.253424 0.017134 -0.061423 -0.001895 0.997963
30.pcd 8.427030 1.283969 0.203618 -0.118247 -0.043629 -0.016411 0.991890
31.pcd 8.135981 1.117932 0.169413 -0.249860 -0.046543 -0.025490 0.966827
32.pcd 7.886864 0.863908 0.129363 -0.380502 -0.028415 -0.025613 0.923989
33.pcd 7.722457 0.555243 0.099695 -0.502318 -0.018240 -0.029670 0.863981
34.pcd 7.639263 0.228655 0.047657 -0.607295 -0.032277 -0.034067 0.793089
35.pcd 7.595187 -0.253128 -0.010126 -0.681500 -0.021345 -0.019755 0.731240
36.pcd 7.551001 -0.695629 -0.008586 -0.671790 0.010787 0.013907 0.740532
37.pcd 7.466726 -1.196126 -0.001548 -0.687103 0.036104 -0.033195 0.724902
38.pcd 7.452354 -1.696880 -0.012897 -0.701556 0.005948 0.014067 0.712451
39.pcd 7.413421 -2.130526 -0.005353 0.710609 -0.015312 -0.015942 -0.703240
40.pcd 7.403815 -3.204590 -0.019834 0.709781 -0.020215 -0.019443 -0.703863
41.pcd 7.312021 -3.899431 -0.015645 -0.679563 0.018501 0.016921 0.733189
42.pcd 7.252333 -4.342305 -0.011456 -0.672143 0.011281 0.022875 0.739982
43.pcd 7.241441 -4.950517 -0.007267 0.724031 0.000634 -0.027405 -0.689223
44.pcd 7.221377 -5.466936 -0.005332 0.721186 0.001571 -0.030430 -0.692071
45.pcd 7.201983 -5.924959 -0.005891 -0.705210 0.004042 0.018961 0.708733
46.pcd 7.165785 -6.433964 -0.003947 0.708614 -0.008508 -0.018070 -0.705314
47.pcd 7.156062 -6.917457 -0.006527 0.721565 -0.008586 -0.020631 -0.691986
48.pcd 7.139682 -7.461650 -0.011720 0.721043 -0.012854 -0.015416 -0.692599
49.pcd 7.083934 -7.982399 -0.012214 -0.686441 0.009773 0.017947 0.726898
50.pcd 6.946850 -8.489431 -0.016588 -0.642322 0.017734 0.015353 0.766076
51.pcd 6.775770 -8.977112 -0.018051 -0.591601 0.026790 0.013188 0.805678
52.pcd 6.524608 -9.379855 -0.002897 -0.493232 0.015601 -0.001674 0.869756
53.pcd 6.192772 -9.693599 -0.002312 -0.390039 0.011634 -0.000450 0.920725
54.pcd 5.792525 -9.934129 -0.000890 -0.260766 0.015549 0.000076 0.965277
55.pcd 5.325939 -10.052880 -0.010126 -0.128183 0.016159 -0.005444 0.991604
56.pcd 4.753788 -10.063575 -0.013995 -0.021038 0.007187 -0.004149 0.999744
57.pcd 3.896284 -10.006872 0.009770 0.015027 0.028248 -0.000894 0.999488
58.pcd 3.338365 -9.949514 -0.016412 0.015645 0.004179 -0.000894 0.999868
59.pcd 2.897066 -9.915528 0.006584 0.018108 -0.001841 -0.037725 0.999122
60.pcd 2.382358 -9.879675 0.000831 0.014290 0.030929 0.002184 0.999417
61.pcd 1.806046 -9.852985 0.002706 -0.010525 0.035618 -0.002578 0.999307
62.pcd 1.040847 -9.829779 0.012884 -0.027339 0.042783 -0.000326 0.998710
63.pcd 0.599420 -9.793140 -0.009408 -0.000844 -0.002140 -0.001567 0.999996
64.pcd -0.114983 -9.863195 -0.001509 -0.097379 0.019808 -0.001979 0.995048
65.pcd -0.579834 -9.958444 -0.001451 -0.128056 0.014814 0.001271 0.991655
66.pcd -1.087209 -10.051211 0.001647 -0.110896 0.013966 -0.002604 0.993730
67.pcd -1.621284 -10.097161 -0.006373 -0.067207 0.021011 -0.005190 0.997504
68.pcd -2.146269 -10.084178 -0.000609 -0.024801 0.011550 -0.002007 0.999624
69.pcd -2.652661 -10.050463 0.003022 -0.024681 -0.006809 0.000326 0.999672
70.pcd -3.140780 -10.046271 -0.011809 -0.023436 -0.030715 0.000274 0.999253
71.pcd -3.582170 -9.979295 0.003601 0.081764 0.023021 -0.014347 0.996283
72.pcd -3.910370 -9.808456 -0.001214 0.216867 0.016993 -0.008803 0.976014
73.pcd -4.088975 -9.568447 -0.006716 0.340743 0.008537 -0.013222 0.940025
74.pcd -4.219929 -9.307229 -0.008204 0.462644 0.011607 -0.017231 0.886301
75.pcd -4.285398 -9.041131 -0.004191 0.577082 0.008551 -0.010493 0.816574
76.pcd -4.276434 -8.796564 -0.005091 0.678414 0.010181 -0.016383 0.734427
77.pcd -4.191507 -8.535425 -0.005816 0.775327 0.005979 -0.010873 0.631438
78.pcd -4.053956 -8.328228 -0.008135 0.855328 0.000577 -0.001923 0.518084
79.pcd -3.847713 -8.185549 -0.010455 0.919917 -0.002135 0.008135 0.392023
80.pcd -3.633235 -8.108488 -0.011707 0.966286 -0.003512 0.026447 0.256086
81.pcd -3.379197 -8.082384 0.003694 0.991897 -0.003096 0.038390 0.121069
82.pcd -2.445675 -8.376289 -0.001194 0.993407 -0.007626 -0.016012 -0.113259
83.pcd -1.532598 -8.425561 -0.011881 0.999840 -0.002927 -0.004357 0.017110
84.pcd -0.572707 -8.525221 0.009039 0.996349 0.009849 -0.059167 -0.060761
85.pcd -0.167558 -8.566589 -0.015724 0.996607 0.028792 0.003782 -0.077021
86.pcd 0.456032 -8.633791 -0.005512 0.999078 0.001317 -0.027588 -0.032863
87.pcd 1.009274 -8.598368 -0.004849 0.997769 0.009201 -0.018780 0.063397
88.pcd 1.480008 -8.589885 0.007361 0.999775 -0.000932 -0.020981 -0.003036
89.pcd 1.910487 -8.662370 -0.015807 0.998491 0.004984 -0.024268 -0.049014
90.pcd 2.360249 -8.696682 -0.000543 0.999435 0.004392 -0.032737 -0.006145
91.pcd 2.976205 -8.641850 0.003677 0.998811 -0.000065 -0.012121 0.047211
92.pcd 3.367576 -8.736372 -0.013036 0.996471 0.002019 0.020423 -0.081389
93.pcd 3.811267 -8.807868 -0.007157 0.998876 0.006651 -0.020293 -0.042326
94.pcd 4.634315 -8.593024 -0.000094 0.987735 0.006439 -0.012889 0.155471
95.pcd 4.903625 -8.342453 0.003314 0.938995 0.008436 -0.011037 0.343650
96.pcd 5.031056 -8.128310 0.003621 0.884519 0.014828 -0.010241 0.466156
97.pcd 5.056639 -7.952447 0.003010 0.812978 0.015285 -0.009152 0.582022
98.pcd 5.042251 -7.744411 0.002221 0.728707 0.013675 -0.007378 0.684649
99.pcd 4.972380 -7.543343 -0.000491 0.630098 0.016027 -0.005675 0.776329
100.pcd 4.845331 -7.357629 0.001148 0.519560 0.015321 -0.006623 0.854271
101.pcd 4.665435 -7.205513 0.001191 0.402655 0.020633 -0.003510 0.915113
102.pcd 4.420047 -7.063977 0.005349 0.266127 0.015120 -0.003429 0.963813
103.pcd 4.067923 -6.758085 0.001962 0.384794 0.009816 -0.011816 0.922875
104.pcd 3.964348 -6.497182 0.004665 0.507939 0.011154 -0.014553 0.861198
105.pcd 3.944159 -6.246544 0.004637 0.616756 0.001067 -0.015828 0.786995
106.pcd 3.998254 -6.074922 0.001783 0.715807 0.002647 -0.017976 0.698062
107.pcd 4.092583 -5.897815 0.001540 0.802588 0.003103 -0.015996 0.596312
108.pcd 4.257928 -5.727164 0.004034 0.884110 0.000654 -0.015340 0.467027
109.pcd 4.653364 -5.404837 0.001370 0.917217 0.007682 -0.015466 0.398014
110.pcd 4.926905 -4.976551 0.003339 0.864377 0.009575 -0.013927 0.502560
111.pcd 5.079709 -4.491133 0.001862 0.788180 0.010253 -0.011578 0.615251
112.pcd 5.142326 -3.970470 -0.003271 0.732131 0.009074 -0.013461 0.680970
113.pcd 5.100117 -3.475435 -0.009517 0.643840 0.010320 -0.019898 0.764832
114.pcd 4.952734 -3.034283 0.001377 0.541933 0.016902 -0.009950 0.840193
115.pcd 4.763311 -2.822223 0.002298 0.421810 0.017726 -0.008454 0.906472
116.pcd 4.455947 -2.640835 0.002988 0.272649 0.014092 -0.001957 0.962008
117.pcd 4.156720 -2.568652 0.004222 0.138342 0.013609 -0.000216 0.990291
118.pcd 3.625683 -2.481390 0.003901 0.063113 0.014755 -0.001916 0.997895
119.pcd 3.137197 -2.422486 0.002870 0.041761 0.017989 -0.000067 0.998966
120.pcd 2.564822 -2.326908 0.005014 0.058562 0.014974 -0.003710 0.998165
121.pcd 2.040355 -2.246137 0.009238 0.046276 0.008774 -0.003593 0.998884
122.pcd 1.517120 -2.188770 0.006134 0.027062 0.013180 0.000336 0.999547
123.pcd 0.998365 -2.154183 0.007965 0.007801 0.010899 -0.001351 0.999909
124.pcd 0.486081 -2.144465 0.003828 -0.014036 0.012805 -0.000428 0.999819
125.pcd -0.057725 -2.126222 0.003398 -0.007529 0.013120 -0.002784 0.999882
126.pcd -0.683952 -2.055876 -0.000317 0.037872 0.015583 -0.006133 0.999142
127.pcd -1.185225 -1.932928 0.000351 0.095693 0.014635 -0.005875 0.995286
128.pcd -1.735922 -1.778731 0.000135 0.107858 0.012842 -0.001107 0.994083
129.pcd -2.226338 -1.681081 0.000237 0.067570 0.012362 -0.002598 0.997635
130.pcd -2.742736 -1.643161 0.001626 0.007706 0.012679 0.001929 0.999888
131.pcd -3.288200 -1.646032 0.002062 -0.023184 0.016441 0.000707 0.999596
132.pcd -3.815285 -1.608020 0.000568 0.014009 0.011122 -0.002878 0.999836
133.pcd -4.317808 -1.593186 0.001490 -0.029353 0.004739 -0.000221 0.999558
134.pcd -4.862278 -1.681257 0.000338 -0.088005 0.013224 -0.004810 0.996021
135.pcd -5.383877 -1.719462 0.000094 -0.048608 0.012995 -0.002272 0.998731
136.pcd -5.875359 -1.637407 0.012189 0.059749 0.022261 -0.008276 0.997931
137.pcd -6.402244 -1.396586 0.006696 0.196938 0.014842 -0.007321 0.980276
138.pcd -6.818022 -1.077417 0.003363 0.302463 0.012324 -0.009267 0.953036
139.pcd -7.196861 -0.628804 0.003205 0.405324 0.012425 -0.006765 0.914064
140.pcd -7.495061 -0.223360 0.004550 0.424629 0.013148 -0.004705 0.905260
141.pcd -7.769544 0.214113 0.002620 0.477323 0.006684 -0.010454 0.878640
142.pcd -7.893574 0.706762 0.005497 0.587042 0.015939 -0.011065 0.809324
143.pcd -7.862515 0.991678 0.004599 0.695150 0.002339 -0.007401 0.718823
144.pcd -7.742616 1.343101 0.001481 0.783733 -0.001646 -0.010591 0.621006
145.pcd -7.582619 1.551316 0.001468 0.858040 0.000567 -0.012477 0.513431
146.pcd -7.330088 1.761214 0.000870 0.919698 0.000476 -0.016311 0.392287
147.pcd -7.028738 1.871579 0.003363 0.966324 0.000202 -0.017937 0.256703
148.pcd -6.616010 1.932280 0.003708 0.993012 -0.005884 -0.013609 0.117076
149.pcd -6.251503 1.882741 0.001200 0.999603 -0.006621 -0.011550 -0.024817
150.pcd -5.875843 1.719139 0.000842 0.986116 -0.009958 -0.010664 -0.165416
151.pcd -5.470426 1.406353 0.000743 0.951952 -0.011858 -0.012034 -0.305782
152.pcd -5.091182 1.019164 -0.001893 0.933861 -0.007281 -0.015360 -0.357232
153.pcd -4.661392 0.738849 0.002687 0.969146 0.001449 -0.012747 -0.246154
154.pcd -4.169500 0.556518 -0.003366 0.988646 -0.004225 -0.014961 -0.149456
155.pcd -3.105204 0.324221 -0.010743 0.997343 0.001350 -0.012571 -0.071738
156.pcd -2.450837 0.229024 -0.008923 0.998560 0.001246 -0.017121 -0.050827
157.pcd -1.902626 0.179906 -0.007916 0.999054 -0.001234 -0.018910 -0.039131
158.pcd -1.229968 0.135729 -0.016751 0.999512 0.009248 -0.014374 -0.026141
159.pcd -0.677765 0.113244 0.001056 0.999619 0.003308 -0.023123 -0.014677
160.pcd -0.130120 0.063315 -0.008899 0.999975 0.003940 0.005178 -0.002791
161.pcd 0.178505 0.017689 -0.014495 0.999714 0.001061 -0.014413 -0.019054
162.pcd 0.184647 0.017296 0.000905 0.999653 0.000867 -0.017042 -0.020051
163.pcd 0.187524 0.038310 -0.023389 0.999869 -0.002131 -0.015374 -0.004505
164.pcd 0.143318 -0.002329 0.032374 0.999720 0.001589 0.002587 -0.023471
