0.pcd -0.012763 -0.00116899 0.00586203 0.999996 -0.00158578 0.00230951 0.000651805
1.pcd 0.220177 0.0160091 0.0111891 0.996031 7.18015e-05 -0.00221024 0.0889803
2.pcd 0.383849 0.0440034 0.0148062 0.978778 -0.000212337 -0.00523331 0.204856
3.pcd 0.405263 0.0872162 0.017229 0.956036 -8.89579e-05 -0.00630776 0.29318
4.pcd 0.4452 0.156605 0.0205953 0.926729 0.000414774 -0.00580389 0.375684
5.pcd 0.662755 0.412445 0.0227414 0.889542 0.00100305 -0.00238875 0.456845
6.pcd 0.779781 0.640611 0.0282224 0.843325 0.00180378 -0.00378925 0.537387
7.pcd 0.849732 0.892692 0.0274227 0.78937 0.00326783 -0.00350705 0.613899
8.pcd 0.870197 1.11737 0.0287417 0.730847 0.00672599 -0.00393319 0.682496
9.pcd 0.848898 1.35012 0.0339475 0.669782 0.00880905 -0.00765235 0.742466
10.pcd 0.794318 1.86785 0.0415391 0.656656 0.00690445 -0.00680844 0.754127
11.pcd 0.688917 2.27977 0.0505491 0.587641 0.00901652 -0.0110085 0.808997
12.pcd 0.5397 2.63008 0.0539356 0.512825 0.00675811 -0.010752 0.858399
13.pcd 0.313333 2.96878 0.0574166 0.431284 0.00608164 -0.0102905 0.902137
14.pcd 0.0483252 3.23328 0.0617479 0.348248 0.00636545 -0.0102814 0.937324
15.pcd -0.150255 3.35715 0.0644945 0.260411 0.00992746 -0.0126818 0.965363
16.pcd -0.532161 3.54792 0.0649436 0.17543 0.00527326 -0.0060547 0.984459
17.pcd -1.00482 3.74346 0.0739231 0.172653 0.00648459 -0.00663615 0.984939
18.pcd -1.49334 3.91776 0.0689289 0.10149 0.0105077 -0.00590767 0.994764
19.pcd -1.83807 3.96272 0.0683491 0.0130969 0.0138143 -0.00596272 0.999801
20.pcd -2.23026 3.92513 0.0778057 -0.0741992 0.00771701 -0.00982545 0.997165
21.pcd -2.57283 3.98773 0.0785666 0.0159262 0.00319875 -0.0102006 0.999816
22.pcd -3.08134 4.00556 0.0784904 0.0229593 0.00470547 -0.00985008 0.999677
23.pcd -3.60435 4.04819 0.0835789 0.0273074 0.0132073 -0.0117953 0.99947
24.pcd -4.11471 4.07664 0.0820169 0.00941928 0.00925461 -0.00614111 0.999894
25.pcd -4.52845 3.99073 0.0555822 -0.0776965 0.0272198 -0.0102221 0.996553
26.pcd -4.82909 3.91957 0.0389954 -0.163873 0.0416207 -0.0156383 0.985479
27.pcd -5.1791 3.74625 0.0716674 -0.252152 0.0476033 -0.0224686 0.966255
28.pcd -5.32264 3.62131 0.0854036 -0.336561 0.0453531 -0.0247671 0.940243
29.pcd -5.55241 3.38031 0.093485 -0.421047 0.0483609 -0.0255248 0.905389
30.pcd -5.7314 3.0759 0.115994 -0.499845 0.0503666 -0.0315068 0.864075
31.pcd -5.77633 2.90316 0.120942 0.583771 -0.0523097 0.036166 -0.809424
32.pcd -5.77632 2.77682 0.128217 0.668156 -0.0444407 0.0416603 -0.741523
33.pcd -5.79024 2.27496 0.128609 0.706189 -0.0463737 0.041874 -0.705261
34.pcd -5.82743 1.77299 0.138216 0.682799 -0.0474399 0.0387984 -0.728031
35.pcd -5.88088 1.26931 0.135457 0.667525 -0.0488491 0.0393317 -0.741942
36.pcd -5.91709 0.467917 0.178432 0.730391 -0.0492684 0.0454773 -0.67973
37.pcd -5.82126 -0.0296964 0.146535 0.760203 -0.0469123 0.0406968 -0.646711
38.pcd -5.80058 -0.527855 0.138566 0.703925 -0.0415116 0.0228566 -0.708691
39.pcd -5.79185 -1.03974 0.131325 0.694033 -0.0434052 0.0148318 -0.71848
40.pcd -5.7883 -1.32453 0.148809 0.757273 -0.0477842 0.0138376 -0.651201
41.pcd -5.75981 -1.42725 0.157347 0.822943 -0.0442253 0.0192387 -0.566073
42.pcd -5.67057 -1.5459 0.151879 0.878962 -0.0394916 0.0232396 -0.474685
43.pcd -5.51432 -1.72001 0.144901 0.918872 -0.0341268 0.0210735 -0.392511
44.pcd -5.57272 -1.64951 0.152296 0.950581 -0.0257955 0.0246379 -0.308422
45.pcd -5.5447 -1.62227 0.165847 0.97561 -0.00979309 0.0305099 -0.217159
46.pcd -5.07628 -1.80445 0.137448 0.98796 -0.00406677 0.0177703 -0.153632
47.pcd -4.76929 -1.8603 0.121808 0.99811 -0.0148595 0.023986 -0.0545935
48.pcd -4.26925 -1.91963 0.0870666 0.998001 -0.0151409 0.0182284 -0.0585846
49.pcd -3.69617 -2.05739 0.0556793 0.988458 -0.00961308 0.0185204 -0.150048
50.pcd -3.19996 -2.21483 0.0525439 0.98737 -0.0234451 -0.0107296 -0.156318
51.pcd -2.66559 -2.38636 0.0292668 0.987525 -0.0195373 0.00248885 -0.156223
52.pcd -2.33817 -2.49043 0.0223513 0.997763 -0.0177358 0.00269112 -0.0644031
53.pcd -2.11076 -2.50412 0.0144133 0.99949 -0.0144541 0.00209774 0.0283948
54.pcd -1.59555 -2.45087 0.0186648 0.993283 -0.0109573 0.00253204 0.115162
55.pcd -1.18219 -2.31961 0.0149145 0.978541 -0.00942178 0.0010238 0.205836
56.pcd -0.852217 -2.13954 0.0123018 0.954953 -0.00753701 0.000682808 0.29666
57.pcd -0.628254 -1.95764 0.0115308 0.923452 -0.00748451 0.000260493 0.383641
58.pcd -0.477051 -1.7677 0.0117066 0.882897 -0.0060051 -0.00150322 0.469527
59.pcd -0.386756 -1.58154 0.00782333 0.831276 -0.00607068 0.000605981 0.555827
60.pcd -0.340211 -1.42503 0.00751593 0.774087 -0.00282875 1.98992e-05 0.633074
61.pcd -0.325009 -1.24044 0.00657311 0.710814 0.00164572 -0.00379754 0.703368
62.pcd -0.348543 -1.01805 0.0102809 0.641966 0.00272273 -0.00610251 0.766704
63.pcd -0.421146 -0.490137 0.00962608 0.657034 0.000592717 -0.00281891 0.753855
64.pcd -0.414111 -0.26891 0.0131582 0.725692 -0.0018316 -0.00151256 0.688016
65.pcd -0.432934 -0.265415 0.019343 0.784205 -0.00297969 0.00247356 0.62049
66.pcd -0.462576 -0.26002 0.0249667 0.840526 -0.00187196 0.00570398 0.541737
67.pcd -0.454036 -0.257451 0.0175223 0.888019 9.81528e-05 0.00305942 0.459796
68.pcd -0.340291 -0.135743 0.019586 0.927681 0.00122814 -0.000893936 0.37337
69.pcd -0.142337 -0.0211191 0.0105151 0.957705 0.0014413 -0.00519434 0.287701
70.pcd -0.163496 -0.0252088 0.00836128 0.982097 0.000755783 -0.00145611 0.18837
71.pcd -0.0670368 0.00581549 0.00378659 0.996615 0.00118828 -0.0028 0.0821517
