0.pcd -0.0107746 -0.0027231 0.00136998 0.999996 -0.000192422 0.00263424 0.000826985
1.pcd 0.220688 0.0155914 0.0110583 0.996153 -0.00116495 -0.00184498 0.0876057
2.pcd 0.380694 0.0437408 0.0179349 0.978798 -0.000540694 -0.00612615 0.204736
3.pcd 0.40153 0.08523 0.0205493 0.956155 -0.000848224 -0.00676998 0.29278
4.pcd 0.444426 0.159923 0.022899 0.926934 -0.00060365 -0.00627394 0.375172
5.pcd 0.659602 0.412188 0.0249159 0.89038 0.0004259 -0.00478029 0.455193
6.pcd 0.779019 0.640011 0.0303879 0.844867 0.000938919 -7.88125e-05 0.534975
7.pcd 0.851573 0.892202 0.03067 0.789479 -0.00233119 -0.00814356 0.61372
8.pcd 0.870931 1.1154 0.0338727 0.732217 0.00840724 -0.00044649 0.681019
9.pcd 0.850353 1.34858 0.0341948 0.673134 0.0149858 -0.00655487 0.739339
10.pcd 0.799376 1.86653 0.0461335 0.659151 0.00526002 -0.0163651 0.751814
11.pcd 0.706644 2.27817 0.0629061 0.588127 -0.00411909 -0.0234485 0.808418
12.pcd 0.552147 2.62991 0.0665448 0.512301 -0.00697516 -0.0232411 0.858463
13.pcd 0.328362 2.96981 0.0620072 0.430773 -0.00922557 -0.0196671 0.902199
14.pcd 0.0639999 3.23335 0.0583443 0.348117 -0.00583405 -0.0086129 0.937393
15.pcd -0.137119 3.35449 0.0563906 0.259171 0.0012541 -0.0117295 0.965759
16.pcd -0.520641 3.53434 0.0486198 0.173926 -0.00113314 -0.00282624 0.984754
17.pcd -0.996709 3.72398 0.0559244 0.17143 0.00810525 -0.00830426 0.985128
18.pcd -1.48287 3.89369 0.0522224 0.0990128 0.0118193 -0.0102442 0.994963
19.pcd -1.826 3.92943 0.0515598 0.010766 0.0163627 -0.0102493 0.999756
20.pcd -2.21521 3.89161 0.0619035 -0.0770644 0.00817299 -0.011434 0.996927
21.pcd -2.55911 3.93569 0.0692155 0.0218657 0.0105807 -0.0129408 0.999621
22.pcd -3.07765 3.96728 0.0585692 0.0276032 0.00320581 -0.0141969 0.999513
23.pcd -3.5591 4.02202 0.0721547 0.0246501 0.00651242 -0.0037673 0.999668
24.pcd -4.08128 4.0385 0.0694654 0.0105224 0.00749409 0.0099158 0.999867
25.pcd -4.45897 3.9497 0.0393666 -0.0704488 0.0296485 0.00230966 0.997072
26.pcd -4.76056 3.85003 0.0409371 -0.161406 0.0418942 -0.00156388 0.985997
27.pcd -5.12855 3.69078 0.0642373 -0.240257 0.0566682 -0.0171078 0.968903
28.pcd -5.27314 3.57 0.0833438 -0.324885 0.0564206 -0.0178064 0.943901
29.pcd -5.50119 3.32195 0.100252 -0.408801 0.0543862 -0.0211863 0.910755
30.pcd -5.69709 3.02279 0.12595 -0.485581 0.0769108 -0.0623293 0.868568
31.pcd -5.74963 2.86156 0.129185 0.570039 -0.0606548 0.0701496 -0.816368
32.pcd -5.75176 2.7257 0.133762 0.657304 -0.0409776 0.0524474 -0.750681
33.pcd -5.767 2.22301 0.125745 0.696774 -0.0417974 0.0514473 -0.714221
34.pcd -5.81259 1.72873 0.122218 0.675274 -0.0404885 0.0347858 -0.735633
35.pcd -5.85203 1.2042 0.114832 0.658841 -0.0487197 0.028577 -0.750159
36.pcd -5.92274 0.401044 0.156133 0.722907 -0.059141 0.03281 -0.687627
37.pcd -5.85283 -0.0856519 0.136849 0.75083 -0.0755466 0.0313981 -0.655409
38.pcd -5.84773 -0.527091 0.146052 0.703628 -0.0388902 0.0126508 -0.709391
39.pcd -5.84146 -1.00736 0.134738 0.690644 -0.0540002 -0.000691978 -0.721176
40.pcd -5.79502 -1.29417 0.153621 0.752625 -0.0611454 -0.00665925 -0.655571
41.pcd -5.75135 -1.40793 0.159136 0.817657 -0.0661133 0.00527055 -0.571873
42.pcd -5.65705 -1.53619 0.162377 0.875489 -0.0504301 0.00400992 -0.480583
43.pcd -5.50813 -1.71691 0.167583 0.917249 -0.0324458 0.00215045 -0.396984
44.pcd -5.56947 -1.65186 0.172942 0.950163 -0.0280342 0.00748903 -0.310399
45.pcd -5.53232 -1.6231 0.175329 0.974708 -0.0302357 0.0188089 -0.220628
46.pcd -5.07611 -1.78678 0.161706 0.987287 -0.0292876 0.0146249 -0.155542
47.pcd -4.7875 -1.84377 0.146301 0.996957 -0.0493192 0.0189986 -0.057308
48.pcd -4.29784 -1.91359 0.115408 0.993003 0.100812 0.00786929 -0.0609909
49.pcd -3.72092 -2.05037 0.0662804 0.982198 0.110145 0.0145977 -0.151466
50.pcd -3.21294 -2.19693 0.0587195 0.986218 0.0522079 -0.0112752 -0.15659
51.pcd -2.68328 -2.36403 0.0194399 0.989337 0.0177348 0.000648138 -0.144556
52.pcd -2.3466 -2.46249 0.00993804 0.997893 -0.0133431 0.00393333 -0.0633681
53.pcd -2.13554 -2.48445 -0.00266736 0.999254 -0.00701613 -0.000403843 0.0379616
54.pcd -1.62508 -2.42568 0.0064134 0.992988 -0.00750732 -0.000557172 0.117977
55.pcd -1.21337 -2.28881 0.00656159 0.978192 -0.00943685 0.00626067 0.207395
56.pcd -0.873928 -2.10307 0.00287124 0.953564 -0.00568496 0.000495223 0.301137
57.pcd -0.65512 -1.9123 -0.0018766 0.922883 0.00582673 0.00353101 0.38502
58.pcd -0.504477 -1.72036 -0.00379332 0.882806 0.00160796 -0.00753113 0.469674
59.pcd -0.416054 -1.52904 -0.00454058 0.830734 -0.000664046 -0.00406292 0.556654
60.pcd -0.348182 -1.3748 0.00766905 0.771611 0.00395147 0.00417055 0.636069
61.pcd -0.336634 -1.1975 0.000512049 0.708639 0.00668123 -0.00817185 0.705492
62.pcd -0.36028 -0.97187 0.00999448 0.639439 0.00983141 -0.00815628 0.768735
63.pcd -0.438915 -0.454675 0.0172121 0.652851 0.0130438 -0.00689601 0.757343
64.pcd -0.431265 -0.225028 0.0296912 0.723925 0.0171265 -0.00606174 0.689639
65.pcd -0.436902 -0.227375 0.0390945 0.786875 0.0238197 0.0003425 0.616653
66.pcd -0.482535 -0.209749 0.0387862 0.837557 0.00748338 0.000537159 0.546298
67.pcd -0.476577 -0.219231 0.0435072 0.885792 0.0119653 -0.00153593 0.463925
68.pcd -0.369816 -0.0949963 0.0449544 0.925843 0.0166897 -0.000129854 0.37754
69.pcd -0.186984 0.0182262 0.0202536 0.95688 0.0121283 -0.00535684 0.29018
70.pcd -0.208878 0.0231504 0.00775354 0.98147 0.0126861 0.00042156 0.191195
71.pcd -0.107482 0.0536054 -0.00567126 0.996757 0.0128766 0.000483653 0.0794305
